042622M003C02   01 Jul 2021
721
30
0000
0
183
195
260
324
343
221
304
319
255
360
339
343
210
98
29
34
41
30
38
31
0
170
28
49
0
0
0
0
0
0
0
0
0
0
0
0
0
0
0
0
0
0
0
0
0
0
0
0
8
135
116
177
115
95
96
99
91
40
59
111
68
27
40
58
70
54
83
59
35
248
2
0
0
0
0
0
0
0
0
0
0
0
0
0
0
0
0
0
0
0
0
0
0
0
0
0
1
39
89
129
110
115
100
112
91
105
28
33
19
56
95
96
54
32
45
27
145
11
1
0
0
0
0
0
0
0
0
0
0
0
0
0
0
0
0
0
0
0
0
0
0
0
0
0
3
147
152
67
59
69
160
172
84
80
301
87
214
82
137
47
136
39
26
2
146
1
1
14
0
0
0
0
0
0
0
0
0
0
0
0
0
0
0
0
0
0
0
0
0
0
0
0
15
55
99
270
288
119
187
118
59
19
29
57
127
153
53
119
83
157
73
43
0
174
1
24
3
0
0
0
0
0
0
0
0
0
0
0
0
0
0
0
0
0
0
0
0
0
0
0
68
214
137
89
116
46
143
126
85
237
103
100
100
126
86
71
38
65
70
76
0
91
0
31
1
0
0
0
0
0
0
0
0
0
0
0
0
0
0
0
0
0
0
0
0
0
0
0
122
260
158
254
194
127
165
193
122
184
137
107
174
102
155
154
70
69
84
2
9
552
180
20
0
0
0
0
0
0
0
0
0
0
0
0
0
0
0
0
0
0
0
0
0
0
0
0
214
159
288
364
253
188
254
241
123
200
163
174
211
143
152
250
161
225
168
65
0
134
0
33
0
0
0
0
0
0
0
0
0
0
0
0
0
0
0
0
0
0
0
0
0
0
0
0
142
404
372
268
411
201
247
110
153
147
112
141
62
236
130
45
102
115
54
9
25
205
0
12
0
0
0
0
0
0
0
0
0
0
0
0
0
0
0
0
0
0
0
0
0
0
0
0
183
247
377
342
264
174
206
195
255
239
171
104
112
233
250
125
75
190
71
134
40
120
0
73
1
0
0
0
0
0
0
0
0
0
0
0
0
0
0
0
0
0
0
0
0
0
0
0
124
104
58
53
174
189
147
225
101
184
578
249
164
35
321
35
188
186
103
229
56
188
4
34
4
0
0
0
0
0
0
0
0
0
0
0
0
0
0
0
0
0
0
0
0
0
0
0
134
257
204
252
316
270
218
163
259
226
315
199
225
338
137
162
121
61
76
12
1
262
1
85
4
0
0
0
0
0
0
0
0
0
0
0
0
0
0
0
0
0
0
0
0
0
0
0
63
225
328
292
164
142
280
235
214
241
208
202
203
104
130
139
240
256
13
40
35
89
0
7
1
0
0
0
0
0
0
0
0
0
0
0
0
0
0
0
0
0
0
0
0
0
0
0
49
434
248
207
285
205
238
201
144
148
275
234
152
315
260
402
51
27
46
3
1
573
243
12
1
0
0
0
0
0
0
0
0
0
0
0
0
0
0
0
0
0
0
0
0
0
0
0
199
399
426
521
596
438
476
183
231
179
132
202
124
13
137
23
13
5
12
5
0
89
2
17
0
0
0
0
0
0
0
0
0
0
0
0
0
0
0
0
0
0
0
0
0
0
0
0
