042622M003C20   01 Jul 2021
721
30
0000
0
9
141
212
220
198
186
215
201
162
201
123
173
100
188
203
173
143
160
141
135
153
205
75
116
0
0
0
0
0
0
0
0
0
0
0
0
0
0
0
0
0
0
0
0
0
0
0
0
30
164
209
196
216
216
183
198
167
151
221
237
208
168
126
122
147
131
152
124
157
294
74
86
2
0
0
0
0
0
0
0
0
0
0
0
0
0
0
0
0
0
0
0
0
0
0
0
17
69
162
153
149
155
124
107
181
169
172
92
135
71
100
65
84
84
37
47
110
15
39
40
1
0
0
0
0
0
0
0
0
0
0
0
0
0
0
0
0
0
0
0
0
0
0
0
7
50
105
127
128
120
126
107
118
104
93
99
119
63
78
86
59
42
66
32
129
33
33
14
0
0
0
0
0
0
0
0
0
0
0
0
0
0
0
0
0
0
0
0
0
0
0
0
8
92
188
214
208
132
158
166
111
118
138
91
140
99
90
69
70
66
28
48
20
218
54
4
0
0
0
0
0
0
0
0
0
0
0
0
0
0
0
0
0
0
0
0
0
0
0
0
119
101
135
144
133
153
105
119
85
108
99
115
114
134
118
101
115
79
78
86
51
159
11
15
0
0
0
0
0
0
0
0
0
0
0
0
0
0
0
0
0
0
0
0
0
0
0
0
8
60
85
108
103
120
127
116
111
94
106
88
98
30
60
53
53
21
31
1
0
421
100
1
0
0
0
0
0
0
0
0
0
0
0
0
0
0
0
0
0
0
0
0
0
0
0
0
13
47
57
78
106
162
146
175
177
173
145
102
172
139
106
110
83
85
70
77
34
186
1
31
0
0
0
0
0
0
0
0
0
0
0
0
0
0
0
0
0
0
0
0
0
0
0
0
1
150
58
0
1
25
4
22
23
32
33
50
50
100
48
55
50
21
61
23
42
268
10
4
0
0
0
0
0
0
0
0
0
0
0
0
0
0
0
0
0
0
0
0
0
0
0
0
7
69
15
7
14
61
56
73
59
64
94
78
68
103
91
114
117
115
66
49
27
206
1
4
0
0
0
0
0
0
0
0
0
0
0
0
0
0
0
0
0
0
0
0
0
0
0
0
2
111
151
127
155
135
154
184
180
93
191
184
157
192
149
165
158
78
99
76
81
182
9
3
0
0
0
0
0
0
0
0
0
0
0
0
0
0
0
0
0
0
0
0
0
0
0
0
5
158
206
267
310
337
374
409
249
416
429
276
401
269
324
165
205
190
104
116
110
352
20
0
0
0
0
0
0
0
0
0
0
0
0
0
0
0
0
0
0
0
0
0
0
0
0
0
61
209
297
291
350
346
343
273
312
237
271
154
227
203
90
146
110
94
72
33
22
164
1
0
0
0
0
0
0
0
0
0
0
0
0
0
0
0
0
0
0
0
0
0
0
0
0
0
3
205
144
386
294
267
213
208
257
276
251
197
197
119
160
93
145
111
89
107
62
390
264
20
0
0
0
0
0
0
0
0
0
0
0
0
0
0
0
0
0
0
0
0
0
0
0
0
7
86
227
208
225
155
204
58
77
200
280
185
253
231
215
129
66
121
55
51
42
96
3
19
3
0
0
0
0
0
0
0
0
0
0
0
0
0
0
0
0
0
0
0
0
0
0
0
