042622M003C07   01 Jul 2021
721
30
0000
0
45
101
124
127
71
130
126
94
63
164
117
115
55
54
31
58
75
38
50
27
51
1270
1876
1850
1844
1835
1845
1811
1762
1874
1835
1849
1836
1866
1862
1838
1843
1818
1868
1884
1845
1832
1801
1856
1815
1836
1802
1839
1842
1836
1837
1836
1851
1844
1845
1807
1803
1836
1819
1868
1838
1805
1832
1818
1798
1877
1836
1831
1811
1823
1874
1851
1863
1857
1853
1874
1867
1911
1864
1872
1874
1865
1904
1806
1836
1859
1856
1866
1864
1852
1892
1858
1862
1877
1850
1852
1846
1868
1859
1871
1924
1895
1837
1880
1896
1858
1854
1863
1881
1864
1877
1879
1851
1833
1810
1863
1848
1889
1490
65
3
0
0
0
0
0
0
0
0
0
0
0
0
0
0
0
0
0
0
0
0
0
0
0
68
121
145
186
192
111
132
112
133
90
170
97
128
60
88
129
65
100
121
48
175
98
88
6
2
0
0
0
0
0
0
0
0
0
0
0
0
0
0
0
0
0
0
0
0
0
0
0
46
174
165
162
205
229
171
158
249
155
244
226
154
86
119
122
200
146
132
92
66
269
9
69
3
0
0
0
0
0
0
0
0
0
0
0
0
0
0
0
0
0
0
0
0
0
0
0
83
197
203
159
200
196
237
242
114
114
237
136
165
144
93
63
123
56
88
71
90
291
123
41
1
0
0
0
0
0
0
0
0
0
0
0
0
0
0
0
0
0
0
0
0
0
0
0
67
167
202
257
231
251
288
186
204
157
136
125
172
119
172
141
224
88
90
71
108
518
85
51
1
0
0
0
0
0
0
0
0
0
0
0
0
0
0
0
0
0
0
0
0
0
0
0
76
142
210
230
155
149
191
183
132
184
119
49
93
60
47
116
69
80
74
38
59
288
54
127
3
0
0
0
0
0
0
0
0
0
0
0
0
0
0
0
0
0
0
0
0
0
0
0
85
116
200
159
118
169
196
179
109
114
110
78
118
95
76
115
43
54
101
84
47
308
55
34
4
0
0
0
0
0
0
0
0
0
0
0
0
0
0
0
0
0
0
0
0
0
0
0
36
188
140
180
169
118
115
113
104
147
166
138
126
135
49
92
99
64
142
101
148
252
58
35
4
0
0
0
0
0
0
0
0
0
0
0
0
0
0
0
0
0
0
0
0
0
0
0
113
125
150
209
125
207
139
193
182
136
133
83
128
85
100
71
74
74
44
72
86
242
24
22
2
3
0
0
0
0
0
0
0
0
0
0
0
0
0
0
0
0
0
0
0
0
0
0
117
232
168
138
124
112
148
132
106
134
114
102
121
110
162
90
107
111
88
70
65
337
36
65
1001
1116
1111
358
0
0
0
0
0
0
0
0
0
0
0
0
0
0
0
0
0
0
609
1157
210
114
169
143
155
112
123
137
164
112
108
40
76
105
72
81
71
64
71
77
48
291
25
0
5
0
0
1
0
0
5
6
2
0
0
0
0
0
0
0
0
0
0
0
0
50
321
153
125
187
170
143
157
133
138
219
274
231
152
165
118
120
122
84
121
89
85
10
46
523
220
0
2
0
0
0
0
0
0
0
0
0
0
0
0
0
0
0
0
0
0
0
0
0
0
0
54
81
136
147
160
122
138
200
110
145
62
120
65
118
67
73
54
81
56
34
9
149
7
0
3
0
0
0
0
0
0
0
0
0
0
0
0
0
0
0
0
0
0
0
0
0
0
0
