042622M003C14   01 Jul 2021
721
30
0000
0
33
31
131
217
229
303
252
234
210
264
271
275
282
189
311
185
285
105
180
2
84
180
128
274
24
0
0
0
0
0
0
0
0
0
0
0
0
0
0
0
0
0
0
0
0
0
0
0
9
97
129
251
246
295
320
378
327
329
347
350
223
61
254
107
244
117
7
13
8
329
110
222
19
0
0
0
0
0
0
0
0
0
0
0
0
0
0
0
0
0
0
0
0
0
8
4
88
167
300
305
297
347
392
296
375
398
339
325
305
200
281
199
312
406
394
290
389
163
243
309
18
0
0
0
0
0
0
0
0
0
0
0
0
0
0
0
0
0
0
0
0
0
0
0
117
124
256
276
319
335
285
407
289
286
301
243
241
250
536
197
55
4
8
14
153
11
30
238
30
0
0
0
0
0
0
0
0
0
0
0
0
0
0
0
0
0
0
0
0
0
0
0
97
85
242
399
350
374
353
401
343
316
384
418
244
38
98
12
2
17
36
1
16
286
5
40
3
0
0
0
0
0
0
0
0
0
0
0
0
0
0
0
0
0
0
0
0
0
0
0
153
174
282
367
351
401
354
376
424
344
296
377
262
80
158
232
137
113
0
16
27
178
20
56
38
0
0
0
0
0
0
0
0
0
0
0
0
0
0
0
0
0
0
0
0
0
0
0
71
72
262
281
295
310
313
325
380
318
367
363
177
5
10
12
34
8
3
5
12
637
112
16
26
0
0
0
0
0
0
0
0
0
0
0
0
0
0
0
0
0
0
0
0
0
0
0
37
165
293
386
398
436
430
475
408
378
432
447
335
477
246
5
3
16
31
17
28
202
5
84
0
0
0
0
0
0
0
0
0
0
0
0
0
0
0
0
0
0
0
0
0
0
0
0
56
302
453
499
435
429
471
465
402
251
405
378
385
186
9
13
25
87
0
47
1
226
33
264
13
0
0
0
0
0
0
0
0
0
0
0
0
0
0
0
0
0
0
0
0
0
0
0
100
257
367
464
444
425
429
368
411
411
349
380
389
380
64
22
22
12
3
1
1
162
7
116
0
0
0
0
0
0
0
0
0
0
0
0
0
0
0
0
0
0
0
0
0
0
0
0
100
367
404
340
309
344
332
365
304
359
314
324
327
404
23
2
11
2
4
19
11
204
2
52
1
0
0
0
0
0
0
0
0
0
0
0
0
0
0
0
0
0
0
0
0
0
0
0
116
287
337
345
386
364
405
363
357
399
424
395
373
251
24
96
88
1
22
2
7
376
1
27
0
0
0
0
0
0
0
0
0
0
0
0
0
0
0
0
0
0
0
0
0
0
0
0
68
238
378
420
431
403
369
422
428
240
428
437
386
363
153
22
5
37
17
7
17
123
6
60
2
0
0
0
0
0
0
0
0
0
0
0
0
0
0
0
0
0
0
0
0
0
0
0
316
244
317
339
316
367
353
367
353
343
352
222
26
0
68
192
70
1
2
4
14
523
230
21
0
0
0
0
0
0
0
0
0
0
0
0
0
0
0
0
0
0
0
0
0
0
0
0
128
127
227
283
307
362
137
282
240
158
191
244
22
10
43
23
4
11
6
8
13
155
11
18
0
0
0
0
0
0
0
0
0
0
0
0
0
0
0
0
0
0
0
0
0
0
0
0
