042622M003C17   01 Jul 2021
721
30
0000
0
0
1
28
55
61
68
70
65
51
74
77
80
74
51
44
77
65
43
36
49
22
104
8
14
0
0
0
0
0
0
0
0
0
0
0
0
0
0
0
0
0
0
0
0
0
0
0
0
6
24
48
42
70
111
115
129
144
185
224
212
207
401
235
268
118
162
181
220
151
148
2
4
0
0
0
0
0
0
0
0
0
0
0
0
0
0
0
0
0
0
0
0
0
0
0
0
8
64
55
89
75
91
82
136
131
139
117
85
67
92
55
29
53
31
40
60
144
1
3
0
0
0
0
0
0
0
0
0
0
0
0
0
0
0
0
0
0
0
0
0
0
0
0
0
20
68
138
167
150
175
136
228
181
186
135
200
122
126
133
63
61
36
30
30
109
13
4
3
0
0
0
0
0
0
0
0
0
0
0
0
0
0
0
0
0
0
0
0
0
0
0
0
16
46
85
103
172
179
148
167
168
125
177
165
145
105
71
83
65
71
58
41
22
164
0
0
1
0
0
0
0
0
0
0
0
0
0
0
0
0
0
0
0
0
0
0
0
0
0
0
3
27
47
84
83
140
125
102
91
130
141
160
115
49
48
63
140
43
63
52
26
44
7
12
0
0
0
0
0
0
0
0
0
0
0
0
0
0
0
0
0
0
0
0
0
0
0
0
30
75
78
92
108
137
175
166
179
155
165
120
166
154
180
215
159
118
134
90
64
448
52
0
0
0
0
0
0
0
0
0
0
0
0
0
0
0
0
0
0
0
0
0
0
0
0
0
16
45
84
110
115
128
113
145
155
117
99
93
93
55
66
56
35
22
7
3
6
243
1
1
1
0
0
0
0
0
0
0
0
0
0
0
0
0
0
0
0
0
0
0
0
0
0
0
22
62
104
119
75
98
74
85
84
80
87
92
41
52
57
33
37
35
18
4
14
204
0
0
0
0
0
0
0
0
0
0
0
0
0
0
0
0
0
0
0
0
0
0
0
0
0
0
9
45
68
59
80
72
60
75
98
146
158
163
137
127
61
49
114
51
32
5
10
67
0
2
0
0
0
0
0
0
0
0
0
0
0
0
0
0
0
0
0
0
0
0
0
0
0
0
9
88
92
116
163
155
184
196
190
127
154
178
159
98
36
35
37
43
42
32
35
103
5
3
0
0
0
0
0
0
0
0
0
0
0
0
0
0
0
0
0
0
0
0
0
0
0
0
13
66
122
167
141
162
123
154
138
139
97
83
77
45
42
26
81
67
70
15
16
273
0
0
0
0
0
0
0
0
0
0
0
0
0
0
0
0
0
0
0
0
0
0
0
0
0
0
25
70
122
139
104
104
119
130
148
171
138
136
129
101
112
82
35
47
56
40
45
79
1
9
0
0
0
0
0
0
0
0
0
0
0
0
0
0
0
0
0
0
0
0
0
0
0
0
18
84
109
174
223
222
287
318
263
240
250
268
286
230
297
249
210
146
112
121
29
601
194
5
0
0
0
0
0
0
0
0
0
0
0
0
0
0
0
0
0
0
0
0
0
0
0
0
6
99
110
144
159
199
174
162
196
256
156
110
112
101
92
48
103
55
24
3
2
88
3
3
0
0
0
0
0
0
0
0
0
0
0
0
0
0
0
0
0
0
0
0
0
0
0
0
