042622M003C10   01 Jul 2021
721
30
0000
0
14
15
5
10
0
1
0
0
1
3
3
7
31
4
1
0
0
1
16
1
48
346
4
61
8
0
0
0
0
0
0
0
0
0
0
0
0
0
0
0
0
0
0
0
0
0
0
0
18
12
14
1
10
39
1
22
25
16
20
58
78
71
49
28
4
39
51
121
21
498
33
167
1
0
0
0
0
0
0
0
0
0
0
0
0
0
0
0
0
0
0
0
0
0
0
0
20
15
20
14
16
23
28
43
34
39
42
57
0
35
8
31
22
2
20
21
175
8
12
288
8
0
0
0
0
0
0
0
0
0
0
0
0
0
0
0
0
0
0
0
0
0
0
0
15
10
9
2
1
2
0
0
0
2
3
40
2
1
1
18
2
3
7
1
188
8
46
70
6
0
0
0
0
0
0
0
0
0
0
0
0
0
0
0
0
0
0
0
0
0
0
0
15
3
7
0
10
3
2
0
3
7
1
12
3
13
9
2
1
9
0
10
2
313
2
20
7
0
0
0
0
0
0
0
0
0
0
0
0
0
0
0
0
0
0
0
0
0
0
0
49
8
2
1
1
1
12
4
10
11
2
10
12
14
19
21
4
8
8
6
6
337
17
25
0
0
0
0
0
0
0
0
0
0
0
0
0
0
0
0
0
0
0
0
0
0
0
0
9
1
18
11
63
20
125
73
63
41
25
85
8
22
36
55
36
36
67
22
46
558
119
15
2
0
0
0
0
0
0
0
0
0
0
0
0
0
0
0
0
0
0
0
0
0
0
0
3
0
4
43
58
42
46
29
7
26
23
42
27
18
30
31
14
63
42
11
14
349
29
468
8
0
0
0
0
0
0
0
0
0
0
0
0
0
0
0
0
0
0
0
0
0
0
0
1
15
19
19
54
72
62
62
32
35
52
21
56
36
68
79
20
15
21
14
12
366
1
100
7
0
0
0
0
0
0
0
0
0
0
0
0
0
0
0
0
0
0
0
0
0
0
0
8
41
6
29
95
60
63
88
102
50
126
17
49
39
32
28
35
4
8
7
12
223
1
144
0
0
0
0
0
0
0
0
0
0
0
0
0
0
0
0
0
0
0
0
0
0
0
0
23
14
71
68
146
130
179
83
99
30
14
27
52
13
44
26
16
39
40
6
47
286
8
112
0
0
0
0
0
0
0
0
0
0
0
0
0
0
0
0
0
0
0
0
0
0
0
0
13
28
22
118
150
13
114
64
52
71
118
34
30
183
32
51
20
45
14
11
6
426
7
8
0
0
0
0
0
0
0
0
0
0
0
0
0
0
0
0
0
0
0
0
0
0
0
0
23
38
39
71
89
55
121
135
34
14
43
25
22
12
16
25
50
47
42
28
6
314
2
10
1
0
0
0
0
0
0
0
0
0
0
0
0
0
0
0
0
0
0
0
0
0
0
0
30
19
7
12
63
106
24
100
56
108
67
40
101
38
77
7
136
44
57
59
3
666
145
4
0
0
0
0
0
0
0
0
0
0
0
0
0
0
0
0
0
0
0
0
0
0
0
0
15
36
4
9
3
13
33
44
9
16
15
31
4
33
13
13
22
71
6
15
2
185
3
41
0
0
0
0
0
0
0
0
0
0
0
0
0
0
0
0
0
0
0
0
0
0
0
0
