042622M003C15   01 Jul 2021
721
30
0000
0
5
7
60
141
175
305
260
281
145
182
119
137
65
198
15
66
103
76
89
26
12
222
126
377
11
0
0
0
0
0
0
0
0
0
0
0
0
0
0
0
0
0
0
0
0
0
0
0
1
53
386
305
352
538
363
414
339
109
37
67
87
46
48
41
15
48
38
60
25
302
52
280
6
0
0
0
0
0
0
0
0
0
0
0
0
0
0
0
0
0
0
0
0
0
0
0
1
32
270
534
254
352
342
385
270
331
188
32
65
44
45
5
22
28
7
0
73
32
15
131
9
0
0
0
0
0
0
0
0
0
0
0
0
0
0
0
0
0
0
0
0
0
0
0
3
94
203
225
154
230
312
64
73
86
58
145
136
162
124
29
107
3
39
3
103
17
21
187
9
0
0
0
0
0
0
0
0
0
0
0
0
0
0
0
0
0
0
0
0
0
0
0
1
31
150
243
197
243
370
288
333
316
780
313
215
171
36
135
33
71
0
2
1
181
8
136
5
0
0
0
0
0
0
0
0
0
0
0
0
0
0
0
0
0
0
0
0
0
0
0
10
130
249
193
109
115
226
468
242
99
489
299
984
260
1
3
1
0
2
1
3
164
58
30
1
0
0
0
0
0
0
0
0
0
0
0
0
0
0
0
0
0
0
0
0
0
0
0
8
211
268
372
480
266
408
336
428
147
261
167
343
31
279
403
240
167
2
12
4
476
271
36
1
0
0
0
0
0
0
0
0
0
0
0
0
0
0
0
0
0
0
0
0
0
0
0
3
37
195
345
384
436
436
325
330
380
239
230
210
326
11
48
20
10
10
0
2
197
0
16
0
0
0
0
0
0
0
0
0
0
0
0
0
0
0
0
0
0
0
0
0
0
0
0
3
17
67
149
291
397
324
250
271
294
283
98
257
484
88
187
123
117
0
6
2
282
3
12
4
0
0
0
0
0
0
0
0
0
0
0
0
0
0
0
0
0
0
0
0
0
0
0
5
31
165
302
421
405
204
305
295
366
258
357
233
521
599
481
28
13
9
1
0
205
1
55
0
0
0
0
0
0
0
0
0
0
0
0
0
0
0
0
0
0
0
0
0
0
0
0
5
94
322
452
311
245
253
290
200
181
329
129
397
423
185
122
1
10
1
3
0
246
39
34
1
0
0
0
0
0
0
0
0
0
0
0
0
0
0
0
0
0
0
0
0
0
0
0
6
31
96
108
38
40
14
4
2
0
3
0
0
0
0
0
0
0
2
0
0
9
0
0
1
0
0
0
0
0
0
0
0
0
0
0
0
0
0
0
0
0
0
0
0
0
0
0
7
152
358
437
510
999
836
615
364
355
69
43
164
206
290
47
49
10
36
30
1
210
6
7
0
0
0
0
0
0
0
0
0
0
0
0
0
0
0
0
0
0
0
0
0
0
0
0
5
122
177
185
3
5
0
0
0
0
0
0
0
0
0
5
20
4
18
0
10
523
235
6
1
0
0
0
0
0
0
0
0
0
0
0
0
0
0
0
0
0
0
0
0
0
0
0
3
5
10
30
31
6
9
2
4
0
0
0
0
0
0
0
0
0
0
0
0
0
0
0
0
0
0
0
0
0
0
0
0
0
0
0
0
0
0
0
0
0
0
0
0
0
0
0
