042622M003C01   01 Jul 2021
721
30
0000
0
123
389
211
492
292
279
166
344
395
349
351
376
269
212
269
92
187
157
207
69
0
126
156
37
1
0
0
0
0
0
0
0
0
0
0
0
0
0
0
0
0
0
0
0
0
0
0
0
106
280
514
363
387
397
425
439
471
494
488
433
430
440
291
318
345
404
233
214
86
96
16
8
0
0
0
0
0
0
0
0
0
0
0
0
0
0
0
0
0
0
0
0
0
0
0
0
75
331
398
334
369
477
390
305
414
463
450
467
332
233
474
440
264
389
367
78
120
13
11
9
0
0
0
0
0
0
0
0
0
0
0
0
0
0
0
0
0
0
0
0
0
0
0
0
107
377
549
570
569
511
515
495
468
339
288
277
409
405
421
311
451
213
387
358
51
1
10
22
0
0
0
0
0
0
0
0
0
0
0
0
0
0
0
0
0
0
0
0
0
0
0
0
235
556
578
628
573
570
344
557
512
485
491
357
484
476
205
582
530
374
89
202
0
51
4
37
0
0
0
0
0
0
0
0
0
0
0
0
0
0
0
0
0
0
0
0
0
0
0
0
286
586
665
637
544
631
498
533
604
567
465
534
493
459
241
542
490
448
210
277
41
23
1
43
0
0
0
0
0
0
0
0
0
0
0
0
0
0
0
0
0
0
0
0
0
0
0
0
176
605
421
605
582
587
584
515
574
521
236
456
534
226
230
520
333
123
253
0
0
154
18
6
0
0
0
0
0
0
0
0
0
0
0
0
0
0
0
0
0
0
0
0
0
0
0
0
185
362
529
581
571
534
593
555
482
490
492
641
612
648
614
558
316
239
136
89
0
65
15
60
5
0
0
0
0
0
0
0
0
0
0
0
0
0
0
0
0
0
0
0
0
0
0
0
260
583
575
584
607
700
642
583
312
623
620
638
625
510
585
158
250
485
471
22
1
125
1
41
0
0
0
0
0
0
0
0
0
0
0
0
0
0
0
0
0
0
0
0
0
0
0
0
158
274
543
738
661
657
600
478
521
344
530
216
31
137
70
10
0
0
0
8
0
49
7
79
0
0
0
0
0
0
0
0
0
0
0
0
0
0
0
0
0
0
0
0
0
0
0
0
107
60
161
561
558
602
553
592
71
203
604
412
176
0
272
0
131
128
36
209
7
105
9
69
0
0
0
0
0
0
0
0
0
0
0
0
0
0
0
0
0
0
0
0
0
0
0
0
184
732
427
676
674
619
625
610
599
437
533
536
243
578
241
223
49
31
158
0
0
185
2
53
2
0
0
0
0
0
0
0
0
0
0
0
0
0
0
0
0
0
0
0
0
0
0
0
59
494
772
740
705
678
596
553
643
629
429
551
506
13
0
2
3
11
1
1
0
144
0
83
0
0
0
0
0
0
0
0
0
0
0
0
0
0
0
0
0
0
0
0
0
0
0
0
43
405
552
535
508
546
486
348
271
102
525
449
0
365
490
492
92
0
0
0
1
221
75
14
0
0
0
0
0
0
0
0
0
0
0
0
0
0
0
0
0
0
0
0
0
0
0
0
47
353
551
515
506
445
527
545
507
384
223
442
460
83
232
37
0
0
0
0
0
37
3
52
0
0
0
0
0
0
0
0
0
0
0
0
0
0
0
0
0
0
0
0
0
0
0
0
