042622M003C12   01 Jul 2021
721
30
0000
0
92
37
150
97
98
111
8
176
221
408
127
247
333
104
149
332
95
222
282
197
206
217
97
95
11
0
0
0
0
0
0
0
0
0
0
0
0
0
0
0
0
0
0
0
0
0
0
0
10
197
151
324
124
132
464
68
70
33
371
105
287
207
511
129
205
207
554
130
130
451
89
181
0
0
0
0
0
0
0
0
0
0
0
0
0
0
0
0
0
0
0
0
0
0
0
0
25
206
242
288
68
177
281
183
226
59
209
263
146
113
167
360
224
148
298
218
338
96
126
93
0
0
0
0
0
0
0
0
0
0
0
0
0
0
0
0
0
0
0
0
0
0
0
0
157
220
211
283
288
136
302
222
352
296
106
101
134
219
131
143
66
241
30
41
127
69
40
69
0
0
0
0
0
0
0
0
0
0
0
0
0
0
0
0
0
0
0
0
0
0
0
0
65
138
101
29
23
42
0
20
19
10
12
11
4
3
24
1
13
14
8
15
26
219
27
51
2
0
0
0
0
0
0
0
0
0
0
0
0
0
0
0
0
0
0
0
0
0
0
0
7
16
8
11
11
18
5
31
23
0
18
8
21
22
9
37
20
6
6
27
19
185
28
11
0
0
0
0
0
0
0
0
0
0
0
0
0
0
0
0
0
0
0
0
0
0
0
0
0
54
15
16
12
20
5
4
16
6
14
8
9
12
23
40
0
50
107
55
46
452
274
118
0
0
0
0
0
0
0
0
0
0
0
0
0
0
0
0
0
0
0
0
0
0
0
0
12
138
19
79
90
125
77
237
0
132
61
38
87
50
14
49
0
44
32
21
26
170
0
4
3
0
0
0
0
0
0
0
0
0
0
0
0
0
0
0
0
0
0
0
0
0
0
0
10
44
22
163
202
0
7
257
9
34
265
204
59
304
293
0
134
21
13
26
24
167
10
34
0
0
0
0
0
0
0
0
0
0
0
0
0
0
0
0
0
0
0
0
0
0
0
0
9
53
34
6
25
41
34
51
16
49
109
12
100
42
28
25
12
20
20
12
28
82
5
0
0
0
0
0
0
0
0
0
0
0
0
0
0
0
0
0
0
0
0
0
0
0
0
0
8
13
49
90
16
20
44
131
0
172
219
59
145
49
59
37
19
18
21
51
26
118
51
6
0
0
0
0
0
0
0
0
0
0
0
0
0
0
0
0
0
0
0
0
0
0
0
0
18
59
42
86
43
2
24
120
27
42
11
45
31
28
17
27
23
15
7
18
11
205
12
53
1
0
0
0
0
0
0
0
0
0
0
0
0
0
0
0
0
0
0
0
0
0
0
0
6
3
57
107
56
38
91
44
12
120
39
36
75
55
46
22
35
13
45
93
119
314
17
2
1
0
0
0
0
0
0
0
0
0
0
0
0
0
0
0
0
0
0
0
0
0
0
0
35
103
145
182
46
61
20
45
71
44
37
18
28
43
61
44
35
43
18
151
168
453
303
157
6
0
0
0
0
0
0
0
0
0
0
0
0
0
0
0
0
0
0
0
0
0
0
0
11
106
125
271
237
204
136
70
46
21
41
43
12
20
8
13
14
18
24
23
23
136
22
0
0
0
0
0
0
0
0
0
0
0
0
0
0
0
0
0
0
0
0
0
0
0
0
0
