0 	0 	0 	0 	0 	0 	0 	0 	0 	0 	0 	0 	0 	0 	0 	0 	0 	0 	0 	0 	0 	0 	0 	0 	0 	10 	17 	18 	16 	19 	12 	8 	0 	0 	0 	0 	0 	0 	0 	0 	0 	12 	17 	0 	0 	0 	0 	0 	0 	0 	0 	0 	0 	0 	0 	0 	0 	0 	0 	0 	
0 	0 	0 	0 	7 	16 	0 	0 	0 	0 	0 	0 	0 	0 	0 	6 	14 	0 	0 	0 	0 	0 	0 	3 	22 	16 	4 	10 	19 	14 	19 	15 	16 	19 	9 	0 	0 	0 	2 	0 	0 	0 	0 	0 	0 	0 	0 	11 	6 	14 	0 	1 	0 	0 	0 	0 	0 	0 	3 	0 	
1 	0 	0 	11 	17 	0 	3 	18 	10 	16 	11 	0 	0 	0 	0 	0 	0 	0 	0 	0 	3 	2 	7 	0 	0 	0 	0 	0 	0 	0 	0 	0 	8 	2 	0 	0 	0 	10 	16 	19 	16 	0 	0 	0 	0 	0 	0 	0 	0 	0 	0 	0 	0 	0 	0 	0 	0 	3 	4 	23 	
10 	1 	0 	0 	0 	0 	0 	0 	0 	0 	0 	0 	0 	0 	0 	0 	0 	0 	0 	0 	0 	0 	0 	0 	0 	0 	0 	0 	0 	0 	7 	1 	0 	0 	0 	0 	0 	0 	0 	8 	15 	12 	2 	7 	26 	20 	21 	16 	21 	19 	8 	0 	0 	0 	0 	0 	0 	0 	0 	0 	
0 	0 	0 	0 	0 	0 	0 	0 	0 	0 	0 	0 	0 	0 	0 	0 	0 	0 	18 	22 	20 	3 	0 	0 	25 	24 	23 	22 	19 	22 	23 	22 	25 	13 	15 	1 	0 	0 	11 	19 	26 	21 	15 	27 	5 	7 	23 	0 	20 	17 	24 	22 	6 	0 	0 	0 	0 	17 	25 	25 	
22 	23 	1 	0 	0 	0 	0 	0 	0 	0 	0 	0 	0 	0 	0 	0 	8 	0 	12 	26 	26 	22 	9 	0 	0 	0 	0 	0 	0 	0 	0 	0 	0 	0 	0 	0 	0 	0 	0 	0 	0 	0 	0 	0 	0 	0 	0 	16 	24 	0 	27 	24 	18 	1 	7 	25 	17 	22 	22 	21 	
23 	24 	19 	1 	0 	0 	0 	0 	26 	27 	25 	24 	24 	17 	26 	24 	25 	16 	25 	26 	4 	0 	0 	0 	0 	0 	0 	0 	0 	0 	0 	0 	0 	0 	0 	0 	0 	0 	0 	0 	0 	0 	0 	0 	0 	0 	0 	0 	0 	0 	0 	0 	0 	0 	0 	0 	20 	17 	24 	20 	
23 	23 	21 	22 	0 	0 	0 	0 	0 	13 	25 	25 	13 	7 	0 	0 	0 	0 	0 	0 	0 	0 	0 	0 	0 	0 	0 	0 	0 	0 	0 	0 	0 	0 	0 	0 	1 	19 	21 	12 	0 	0 	0 	21 	22 	18 	26 	5 	25 	19 	24 	22 	23 	21 	16 	3 	0 	0 	0 	8 	
26 	21 	22 	19 	0 	1 	0 	0 	0 	0 	0 	0 	0 	0 	0 	0 	0 	0 	0 	0 	0 	0 	0 	0 	0 	0 	0 	0 	5 	25 	2 	0 	0 	0 	0 	0 	0 	0 	0 	0 	0 	0 	0 	10 	22 	19 	21 	18 	23 	23 	24 	17 	22 	23 	0 	0 	0 	0 	0 	0 	
0 	0 	0 	0 	0 	0 	0 	0 	0 	0 	0 	1 	27 	21 	18 	1 	0 	14 	24 	18 	27 	21 	21 	13 	25 	11 	21 	19 	0 	0 	0 	0 	0 	0 	0 	0 	0 	0 	0 	1 	0 	0 	15 	24 	21 	19 	23 	24 	23 	24 	6 	0 	0 	0 	0 	0 	0 	0 	0 	2 	
15 	8 	0 	1 	17 	19 	20 	18 	11 	14 	1 	0 	0 	0 	0 	0 	0 	0 	18 	14 	28 	21 	9 	1 	0 	0 	0 	0 	0 	0 	6 	19 	12 	12 	11 	13 	10 	14 	13 	14 	16 	20 	21 	14 	19 	9 	0 	0 	0 	0 	0 	0 	0 	0 	0 	0 	0 	0 	0 	0 	
0 	0 	1 	0 	0 	0 	5 	23 	22 	0 	0 	0 	0 	0 	0 	0 	0 	0 	0 	0 	0 	0 	0 	1 	0 	13 	19 	13 	0 	0 	0 	0 	0 	0 	0 	0 	0 	0 	15 	14 	1 	0 	0 	0 	5 	4 	7 	0 	0 	0 	0 	0 	0 	7 	5 	8 	0 	0 	1 	21 	
7 	11 	0 	0 	0 	0 	0 	0 	0 	0 	0 	0 	0 	0 	0 	0 	0 	0 	0 	0 	0 	0 	0 	0 	0 	0 	0 	0 	0 	0 	0 	0 	0 	0 	0 	0 	0 	0 	0 	0 	0 	0 	0 	0 	0 	0 	0 	0 	0 	0 	0 	0 	0 	0 	0 	0 	0 	0 	0 	0 	
0 	0 	0 	0 	0 	0 	0 	0 	0 	0 	0 	0 	0 	0 	0 	0 	0 	0 	0 	0 	0 	0 	0 	0 	0 	0 	0 	0 	0 	0 	0 	0 	0 	0 	0 	0 	0 	0 	0 	0 	0 	0 	0 	0 	0 	0 	0 	0 	0 	0 	0 	0 	0 	0 	0 	0 	0 	0 	0 	0 	
0 	0 	0 	0 	0 	0 	0 	0 	0 	0 	0 	0 	0 	0 	0 	0 	0 	0 	0 	0 	0 	0 	0 	0 	0 	0 	0 	0 	0 	0 	0 	0 	0 	0 	0 	0 	0 	0 	0 	0 	0 	0 	0 	0 	0 	0 	0 	0 	0 	0 	0 	0 	0 	0 	0 	0 	0 	0 	0 	0 	
0 	0 	0 	0 	0 	0 	0 	0 	0 	0 	0 	0 	0 	0 	0 	0 	0 	0 	0 	0 	0 	0 	0 	0 	0 	0 	0 	0 	0 	0 	0 	0 	0 	0 	0 	0 	0 	0 	0 	0 	0 	0 	0 	0 	0 	0 	0 	0 	0 	0 	0 	0 	0 	0 	0 	0 	0 	0 	0 	0 	
0 	0 	0 	0 	0 	0 	0 	0 	0 	0 	0 	0 	0 	0 	0 	0 	0 	0 	0 	0 	0 	0 	0 	0 	0 	0 	0 	0 	0 	0 	0 	0 	0 	0 	0 	0 	0 	0 	0 	0 	0 	0 	0 	0 	0 	0 	0 	0 	0 	0 	0 	0 	0 	0 	0 	0 	0 	0 	0 	0 	
0 	0 	0 	0 	0 	0 	0 	0 	0 	0 	0 	0 	0 	0 	0 	0 	0 	0 	0 	0 	0 	0 	0 	0 	0 	0 	0 	0 	0 	0 	0 	0 	0 	0 	0 	0 	0 	0 	0 	0 	0 	0 	0 	0 	0 	0 	0 	0 	0 	0 	0 	0 	0 	0 	0 	0 	0 	0 	0 	0 	
0 	0 	0 	0 	0 	0 	0 	0 	0 	0 	0 	0 	0 	0 	0 	0 	0 	0 	0 	0 	0 	0 	0 	0 	0 	0 	0 	0 	0 	0 	0 	0 	0 	0 	0 	0 	0 	0 	0 	0 	0 	0 	0 	0 	0 	0 	0 	0 	0 	0 	0 	0 	0 	0 	0 	0 	0 	0 	0 	0 	
0 	0 	0 	0 	0 	0 	0 	0 	0 	0 	0 	0 	0 	0 	0 	0 	0 	0 	0 	0 	0 	0 	0 	0 	0 	0 	0 	0 	0 	0 	0 	0 	0 	0 	0 	0 	0 	0 	0 	0 	0 	0 	0 	0 	0 	0 	0 	0 	0 	0 	0 	0 	0 	0 	0 	0 	0 	0 	0 	0 	
0 	0 	0 	0 	0 	0 	0 	0 	0 	0 	0 	0 	0 	0 	0 	0 	0 	0 	0 	0 	0 	0 	0 	0 	0 	0 	0 	0 	0 	0 	0 	0 	0 	0 	0 	0 	0 	0 	0 	0 	0 	0 	0 	0 	0 	0 	0 	0 	0 	0 	0 	0 	0 	0 	0 	0 	0 	0 	0 	0 	
0 	0 	0 	0 	0 	0 	0 	0 	0 	0 	0 	0 	0 	0 	0 	0 	0 	0 	0 	0 	0 	0 	0 	0 	0 	0 	0 	0 	0 	0 	0 	0 	0 	0 	0 	0 	0 	0 	0 	0 	0 	0 	0 	0 	0 	0 	0 	0 	0 	0 	0 	0 	0 	0 	0 	0 	0 	0 	0 	0 	
0 	0 	0 	0 	0 	0 	0 	0 	0 	0 	0 	0 	0 	0 	0 	0 	0 	0 	0 	0 	0 	0 	0 	0 	0 	0 	0 	0 	0 	0 	0 	0 	0 	0 	0 	0 	0 	0 	0 	0 	0 	0 	0 	0 	0 	0 	0 	0 	0 	0 	0 	0 	0 	0 	0 	0 	0 	0 	0 	0 	
0 	0 	0 	0 	0 	0 	0 	0 	0 	0 	0 	0 	0 	0 	0 	0 	0 	0 	0 	0 	0 	0 	0 	0 	0 	0 	0 	0 	0 	0 	0 	0 	0 	0 	0 	0 	0 	0 	0 	0 	0 	0 	0 	0 	0 	0 	0 	0 	0 	0 	0 	0 	0 	0 	0 	0 	0 	0 	0 	0 	
0 	0 	0 	0 	0 	0 	0 	0 	0 	0 	0 	0 	0 	0 	0 	0 	0 	0 	0 	0 	0 	0 	0 	0 	0 	0 	0 	1 	0 	0 	9 	0 	0 	0 	0 	0 	0 	0 	0 	1 	0 	1 	0 	0 	5 	0 	0 	0 	21 	21 	6 	0 	23 	15 	25 	11 	0 	8 	26 	18 	
16 	0 	24 	22 	20 	20 	12 	1 	0 	0 	1 	4 	23 	13 	0 	0 	0 	0 	0 	0 	0 	0 	0 	0 	0 	0 	0 	0 	0 	6 	5 	19 	8 	19 	19 	21 	21 	23 	12 	0 	0 	0 	0 	0 	0 	0 	10 	22 	22 	19 	21 	23 	26 	19 	20 	0 	0 	0 	0 	0 	
0 	0 	0 	0 	0 	0 	0 	0 	0 	0 	0 	0 	0 	0 	0 	0 	0 	16 	14 	18 	4 	0 	0 	0 	18 	27 	16 	11 	0 	0 	0 	0 	0 	0 	0 	0 	0 	0 	0 	0 	0 	0 	0 	0 	0 	0 	0 	0 	0 	0 	0 	11 	18 	11 	23 	24 	23 	21 	1 	0 	
0 	0 	0 	0 	0 	0 	0 	3 	23 	17 	18 	16 	25 	19 	19 	23 	21 	15 	24 	17 	24 	26 	21 	22 	22 	18 	16 	23 	15 	18 	19 	22 	0 	0 	0 	0 	0 	0 	0 	0 	0 	0 	0 	0 	0 	0 	0 	10 	13 	11 	10 	1 	1 	0 	0 	0 	0 	0 	0 	0 	
0 	11 	2 	12 	24 	10 	11 	0 	0 	0 	0 	0 	0 	0 	0 	0 	0 	0 	0 	0 	0 	0 	0 	0 	0 	0 	0 	0 	0 	0 	0 	0 	0 	0 	0 	0 	0 	0 	0 	0 	0 	0 	0 	0 	0 	0 	0 	0 	0 	0 	0 	0 	0 	0 	0 	0 	0 	1 	7 	14 	
11 	11 	13 	13 	10 	23 	17 	14 	0 	0 	15 	19 	20 	18 	7 	19 	14 	15 	15 	14 	18 	20 	15 	17 	19 	13 	11 	1 	0 	0 	0 	18 	21 	21 	17 	25 	3 	0 	0 	0 	0 	0 	0 	0 	0 	0 	0 	0 	0 	0 	0 	0 	0 	0 	0 	0 	0 	0 	0 	0 	
0 	0 	9 	17 	12 	16 	18 	20 	3 	15 	19 	19 	12 	0 	0 	0 	0 	2 	22 	21 	17 	14 	20 	18 	13 	0 	0 	0 	0 	0 	0 	0 	0 	0 	0 	2 	0 	0 	0 	0 	0 	17 	16 	18 	16 	19 	11 	19 	17 	11 	1 	0 	2 	0 	0 	0 	0 	0 	14 	22 	
22 	20 	18 	26 	22 	25 	25 	23 	25 	23 	23 	24 	22 	18 	22 	21 	19 	21 	17 	15 	19 	20 	21 	16 	22 	4 	0 	0 	0 	0 	0 	0 	0 	0 	0 	0 	0 	0 	0 	0 	0 	0 	2 	0 	0 	0 	0 	0 	7 	17 	14 	12 	17 	15 	17 	16 	11 	0 	0 	1 	
0 	0 	0 	0 	0 	0 	0 	0 	4 	16 	12 	0 	0 	0 	0 	2 	0 	11 	7 	21 	27 	21 	21 	1 	0 	0 	0 	0 	22 	19 	21 	24 	23 	10 	0 	0 	0 	0 	0 	0 	0 	0 	0 	0 	23 	17 	7 	0 	0 	21 	24 	3 	22 	21 	11 	1 	0 	0 	0 	0 	
0 	0 	0 	6 	21 	21 	19 	24 	24 	25 	11 	25 	27 	23 	24 	22 	23 	24 	23 	21 	21 	24 	23 	26 	23 	24 	23 	25 	2 	0 	0 	0 	0 	0 	0 	0 	0 	0 	0 	0 	0 	1 	28 	20 	23 	15 	0 	2 	0 	0 	0 	0 	0 	0 	0 	0 	0 	0 	2 	19 	
20 	20 	1 	0 	0 	0 	22 	14 	18 	0 	0 	0 	0 	0 	0 	0 	0 	0 	0 	0 	0 	14 	6 	1 	0 	0 	0 	0 	0 	4 	30 	24 	17 	13 	12 	12 	10 	22 	24 	21 	13 	14 	14 	11 	8 	11 	15 	21 	17 	22 	13 	9 	17 	26 	27 	26 	22 	9 	1 	0 	
0 	0 	0 	0 	0 	0 	0 	0 	0 	0 	0 	0 	0 	0 	0 	0 	0 	21 	28 	25 	14 	0 	0 	0 	0 	0 	0 	0 	0 	0 	1 	0 	0 	0 	0 	0 	0 	0 	6 	22 	25 	28 	29 	22 	18 	19 	0 	0 	0 	0 	0 	0 	0 	0 	0 	0 	12 	0 	0 	0 	
0 	0 	0 	0 	0 	0 	0 	0 	0 	0 	0 	0 	0 	0 	0 	0 	0 	0 	0 	0 	0 	0 	0 	0 	0 	0 	0 	0 	0 	0 	0 	0 	0 	0 	0 	0 	0 	0 	0 	0 	0 	0 	0 	0 	0 	0 	0 	0 	0 	0 	0 	0 	0 	0 	0 	0 	0 	0 	0 	0 	
0 	0 	0 	0 	0 	0 	0 	0 	0 	0 	0 	0 	0 	0 	0 	0 	0 	0 	0 	0 	0 	0 	0 	0 	0 	0 	0 	0 	0 	0 	0 	0 	0 	0 	0 	0 	0 	0 	0 	0 	0 	0 	0 	0 	0 	0 	0 	0 	0 	0 	0 	0 	0 	0 	0 	0 	0 	0 	0 	0 	
0 	0 	0 	0 	0 	0 	0 	0 	0 	0 	0 	0 	0 	0 	0 	0 	0 	0 	0 	0 	0 	0 	0 	0 	0 	0 	0 	0 	0 	0 	0 	0 	0 	0 	0 	0 	0 	0 	0 	0 	0 	0 	0 	0 	0 	0 	0 	0 	0 	0 	0 	0 	0 	0 	0 	0 	0 	0 	0 	0 	
0 	0 	0 	0 	0 	0 	0 	0 	0 	0 	0 	0 	0 	0 	0 	0 	0 	0 	0 	0 	0 	0 	0 	0 	0 	0 	0 	0 	0 	0 	0 	0 	0 	0 	0 	0 	0 	0 	0 	0 	0 	0 	0 	0 	0 	0 	0 	0 	0 	0 	0 	0 	0 	0 	0 	0 	0 	0 	0 	0 	
0 	0 	0 	0 	0 	0 	0 	0 	0 	0 	0 	0 	0 	0 	0 	0 	0 	0 	0 	0 	0 	0 	0 	0 	0 	0 	0 	0 	0 	0 	0 	0 	0 	0 	0 	0 	0 	0 	0 	0 	0 	0 	0 	0 	0 	0 	0 	0 	0 	0 	0 	0 	0 	0 	0 	0 	0 	0 	0 	0 	
0 	0 	0 	0 	0 	0 	0 	0 	0 	0 	0 	0 	0 	0 	0 	0 	0 	0 	0 	0 	0 	0 	0 	0 	0 	0 	0 	0 	0 	0 	0 	0 	0 	0 	0 	0 	0 	0 	0 	0 	0 	0 	0 	0 	0 	0 	0 	0 	0 	0 	0 	0 	0 	0 	0 	0 	0 	0 	0 	0 	
0 	0 	0 	0 	0 	0 	0 	0 	0 	0 	0 	0 	0 	0 	0 	0 	0 	0 	0 	0 	0 	0 	0 	0 	0 	0 	0 	0 	0 	0 	0 	0 	0 	0 	0 	0 	0 	0 	0 	0 	0 	0 	0 	0 	0 	0 	0 	0 	0 	0 	0 	0 	0 	0 	0 	0 	0 	0 	0 	0 	
0 	0 	0 	0 	0 	0 	0 	0 	0 	0 	0 	0 	0 	0 	0 	0 	0 	0 	0 	0 	0 	0 	0 	0 	0 	0 	0 	0 	0 	0 	0 	0 	0 	0 	0 	0 	0 	0 	0 	0 	0 	0 	0 	0 	0 	0 	0 	0 	0 	0 	0 	0 	0 	0 	0 	0 	0 	0 	0 	0 	
0 	0 	0 	0 	0 	0 	0 	0 	0 	0 	0 	0 	0 	0 	0 	0 	0 	0 	0 	0 	0 	0 	0 	0 	0 	0 	0 	0 	0 	0 	0 	0 	0 	0 	0 	0 	0 	0 	0 	0 	0 	0 	0 	0 	0 	0 	0 	0 	0 	0 	0 	0 	0 	0 	0 	0 	0 	0 	0 	0 	
0 	0 	0 	0 	0 	0 	0 	0 	0 	0 	0 	0 	0 	0 	0 	0 	0 	0 	0 	0 	0 	0 	0 	0 	0 	0 	0 	0 	0 	0 	0 	0 	0 	0 	0 	0 	0 	0 	0 	0 	0 	0 	0 	0 	0 	0 	0 	0 	0 	0 	0 	0 	0 	0 	0 	0 	0 	0 	0 	0 	
0 	0 	0 	0 	0 	0 	0 	0 	0 	0 	0 	0 	0 	0 	0 	0 	0 	0 	0 	0 	0 	0 	0 	0 	0 	0 	0 	0 	0 	0 	0 	0 	0 	0 	0 	0 	0 	0 	0 	0 	0 	0 	0 	0 	0 	0 	0 	0 	0 	0 	0 	0 	0 	0 	0 	0 	0 	0 	0 	0 	
0 	0 	0 	0 	0 	0 	0 	0 	0 	0 	0 	0 	0 	0 	0 	0 	0 	0 	0 	0 	0 	0 	0 	0 	0 	0 	0 	0 	0 	0 	0 	0 	0 	0 	0 	0 	0 	0 	0 	0 	0 	0 	0 	0 	0 	0 	0 	0 	0 	0 	0 	0 	0 	0 	0 	0 	0 	0 	0 	0 	
0 	0 	0 	0 	0 	0 	0 	0 	0 	0 	0 	1 	0 	0 	0 	1 	13 	0 	0 	0 	0 	0 	0 	0 	0 	0 	0 	0 	0 	0 	10 	16 	0 	0 	0 	20 	20 	13 	21 	1 	1 	0 	0 	10 	23 	18 	14 	0 	0 	0 	0 	0 	0 	0 	0 	0 	0 	0 	17 	21 	
11 	0 	0 	0 	0 	0 	0 	0 	1 	21 	24 	1 	0 	0 	0 	0 	0 	0 	15 	23 	28 	26 	27 	22 	23 	11 	20 	0 	0 	0 	0 	0 	0 	0 	0 	0 	0 	0 	7 	19 	18 	10 	0 	2 	22 	23 	24 	20 	28 	9 	20 	19 	12 	0 	0 	0 	0 	0 	8 	24 	
23 	23 	16 	21 	7 	0 	0 	0 	0 	0 	0 	0 	0 	0 	0 	0 	0 	0 	0 	0 	0 	0 	0 	0 	0 	0 	0 	0 	0 	1 	0 	0 	0 	8 	14 	20 	22 	2 	0 	0 	0 	0 	0 	0 	0 	0 	0 	0 	0 	0 	0 	0 	0 	0 	3 	21 	18 	12 	14 	23 	
20 	20 	25 	25 	6 	0 	0 	0 	0 	0 	0 	19 	19 	20 	22 	17 	20 	16 	21 	25 	26 	0 	0 	0 	0 	0 	0 	0 	0 	0 	0 	0 	0 	0 	0 	0 	3 	14 	13 	19 	21 	23 	15 	18 	22 	0 	0 	0 	0 	0 	0 	0 	0 	0 	0 	0 	0 	0 	0 	21 	
14 	19 	2 	0 	0 	14 	22 	24 	9 	0 	0 	0 	0 	0 	0 	0 	15 	21 	19 	26 	20 	21 	14 	0 	0 	0 	0 	0 	0 	0 	0 	0 	0 	0 	0 	0 	0 	0 	0 	0 	0 	0 	0 	0 	0 	0 	0 	0 	0 	0 	0 	0 	0 	0 	0 	0 	1 	22 	16 	20 	
0 	0 	0 	0 	0 	0 	0 	0 	0 	0 	0 	0 	20 	21 	11 	12 	19 	23 	16 	25 	27 	25 	10 	0 	0 	0 	0 	0 	0 	0 	0 	0 	0 	0 	0 	0 	0 	0 	0 	0 	0 	0 	1 	16 	4 	1 	0 	0 	0 	8 	23 	24 	19 	19 	24 	8 	25 	21 	24 	20 	
26 	16 	21 	19 	0 	0 	0 	0 	0 	0 	0 	0 	0 	0 	0 	0 	0 	0 	0 	4 	14 	18 	0 	0 	2 	0 	24 	24 	4 	0 	0 	0 	0 	0 	16 	28 	22 	20 	0 	0 	0 	0 	0 	0 	0 	0 	0 	0 	0 	0 	0 	0 	0 	0 	0 	0 	0 	0 	0 	6 	
21 	19 	22 	18 	16 	4 	0 	0 	17 	22 	7 	13 	19 	10 	0 	0 	0 	0 	0 	0 	0 	0 	0 	0 	0 	0 	0 	0 	0 	0 	0 	0 	0 	0 	0 	13 	1 	0 	3 	17 	20 	13 	25 	25 	20 	26 	24 	18 	20 	15 	16 	9 	1 	0 	1 	18 	22 	20 	22 	11 	
0 	0 	0 	0 	0 	0 	0 	0 	0 	5 	13 	17 	17 	16 	17 	19 	13 	2 	4 	18 	24 	7 	0 	0 	0 	0 	0 	3 	13 	20 	16 	14 	0 	0 	0 	0 	0 	0 	0 	0 	0 	0 	0 	0 	0 	0 	1 	0 	1 	9 	17 	15 	19 	14 	17 	20 	21 	0 	0 	0 	
0 	0 	0 	0 	0 	0 	0 	10 	19 	15 	20 	25 	23 	3 	16 	21 	16 	15 	10 	0 	0 	0 	0 	13 	14 	18 	14 	18 	14 	0 	14 	18 	20 	16 	15 	16 	18 	21 	14 	6 	0 	0 	0 	0 	4 	19 	1 	1 	0 	0 	5 	13 	15 	16 	0 	0 	0 	0 	0 	0 	
0 	11 	14 	9 	17 	15 	15 	9 	11 	15 	17 	16 	9 	1 	0 	0 	0 	0 	0 	0 	9 	19 	17 	21 	19 	19 	13 	10 	11 	18 	23 	24 	17 	14 	19 	15 	0 	0 	0 	0 	0 	0 	0 	0 	0 	0 	0 	0 	0 	0 	0 	0 	0 	1 	0 	0 	0 	0 	0 	0 	
6 	3 	0 	0 	0 	0 	0 	0 	0 	0 	0 	0 	0 	14 	7 	17 	18 	9 	0 	1 	0 	0 	1 	18 	15 	8 	13 	2 	0 	0 	0 	0 	0 	0 	0 	0 	0 	0 	0 	3 	3 	0 	0 	0 	0 	5 	18 	23 	0 	0 	0 	0 	9 	0 	0 	0 	0 	0 	16 	0 	
16 	0 	0 	0 	0 	0 	0 	0 	0 	0 	0 	0 	0 	0 	0 	0 	0 	0 	0 	0 	0 	0 	0 	0 	0 	0 	0 	0 	0 	0 	0 	0 	0 	0 	0 	0 	0 	0 	0 	0 	0 	0 	0 	0 	0 	0 	0 	0 	0 	0 	0 	0 	0 	0 	0 	0 	0 	0 	0 	0 	
0 	0 	0 	0 	0 	0 	0 	0 	0 	0 	0 	0 	0 	0 	0 	0 	0 	0 	0 	0 	0 	0 	0 	0 	0 	0 	0 	0 	0 	0 	0 	0 	0 	0 	0 	0 	0 	0 	0 	0 	0 	0 	0 	0 	0 	0 	0 	0 	0 	0 	0 	0 	0 	0 	0 	0 	0 	0 	0 	0 	
0 	0 	0 	0 	0 	0 	0 	0 	0 	0 	0 	0 	0 	0 	0 	0 	0 	0 	0 	0 	0 	0 	0 	0 	0 	0 	0 	0 	0 	0 	0 	0 	0 	0 	0 	0 	0 	0 	0 	0 	0 	0 	0 	0 	0 	0 	0 	0 	0 	0 	0 	0 	0 	0 	0 	0 	0 	0 	0 	0 	
0 	0 	0 	0 	0 	0 	0 	0 	0 	0 	0 	0 	0 	0 	0 	0 	0 	0 	0 	0 	0 	0 	0 	0 	0 	0 	0 	0 	0 	0 	0 	0 	0 	0 	0 	0 	0 	0 	0 	0 	0 	0 	0 	0 	0 	0 	0 	0 	0 	0 	0 	0 	0 	0 	0 	0 	0 	0 	0 	0 	
0 	0 	0 	0 	0 	0 	0 	0 	0 	0 	0 	0 	0 	0 	0 	0 	0 	0 	0 	0 	0 	0 	0 	0 	0 	0 	0 	0 	0 	0 	0 	0 	0 	0 	0 	0 	0 	0 	0 	0 	0 	0 	0 	0 	0 	0 	0 	0 	0 	0 	0 	0 	0 	0 	0 	0 	0 	0 	0 	0 	
0 	0 	0 	0 	0 	0 	0 	0 	0 	0 	0 	0 	0 	0 	0 	0 	0 	0 	0 	0 	0 	0 	0 	0 	0 	0 	0 	0 	0 	0 	0 	0 	0 	0 	0 	0 	0 	0 	0 	0 	0 	0 	0 	0 	0 	0 	0 	0 	0 	0 	0 	0 	0 	0 	0 	0 	0 	0 	0 	0 	
0 	0 	0 	0 	0 	0 	0 	0 	0 	0 	0 	0 	0 	0 	0 	0 	0 	0 	0 	0 	0 	0 	0 	0 	0 	0 	0 	0 	0 	0 	0 	0 	0 	0 	0 	0 	0 	0 	0 	0 	0 	0 	0 	0 	0 	0 	0 	0 	0 	0 	0 	0 	0 	0 	0 	0 	0 	0 	0 	0 	
0 	0 	0 	0 	0 	0 	0 	0 	0 	0 	0 	0 	0 	0 	0 	0 	0 	0 	0 	0 	0 	0 	0 	0 	0 	0 	0 	0 	0 	0 	0 	0 	0 	0 	0 	0 	0 	0 	0 	0 	0 	0 	0 	0 	0 	0 	0 	0 	0 	0 	0 	0 	0 	0 	0 	0 	0 	0 	0 	0 	
0 	0 	0 	0 	0 	0 	0 	0 	0 	0 	0 	0 	0 	0 	0 	0 	0 	0 	0 	0 	0 	0 	0 	0 	0 	0 	0 	0 	0 	0 	0 	0 	0 	0 	0 	0 	0 	0 	0 	0 	0 	0 	0 	0 	0 	0 	0 	0 	0 	0 	0 	0 	0 	0 	0 	0 	0 	0 	0 	0 	
0 	0 	0 	0 	0 	0 	0 	0 	0 	0 	0 	0 	0 	0 	0 	0 	0 	0 	0 	0 	0 	0 	0 	0 	0 	0 	0 	0 	0 	0 	0 	0 	0 	0 	0 	0 	0 	0 	0 	0 	0 	0 	0 	0 	0 	0 	0 	0 	0 	0 	0 	0 	0 	0 	0 	0 	0 	0 	0 	0 	
0 	0 	0 	0 	0 	0 	0 	0 	0 	0 	0 	0 	0 	0 	0 	0 	0 	0 	0 	0 	0 	0 	0 	0 	0 	0 	0 	0 	0 	0 	0 	0 	0 	0 	0 	0 	0 	0 	0 	0 	0 	0 	0 	0 	0 	0 	0 	0 	0 	0 	0 	0 	0 	0 	0 	0 	0 	0 	0 	0 	
0 	0 	0 	0 	0 	0 	0 	0 	0 	0 	0 	0 	0 	0 	0 	0 	0 	0 	0 	0 	0 	0 	0 	0 	0 	0 	0 	0 	0 	0 	0 	0 	0 	0 	0 	0 	0 	0 	0 	0 	0 	0 	0 	0 	0 	0 	0 	0 	0 	0 	0 	0 	0 	0 	0 	0 	0 	0 	0 	0 	
0 	0 	0 	0 	0 	0 	2 	0 	0 	1 	0 	0 	0 	0 	0 	0 	0 	18 	21 	23 	19 	16 	20 	16 	7 	0 	0 	0 	0 	0 	14 	17 	10 	14 	1 	0 	0 	0 	0 	0 	17 	19 	18 	16 	0 	0 	0 	0 	0 	0 	0 	12 	18 	9 	29 	25 	15 	0 	0 	0 	
0 	0 	0 	0 	6 	12 	4 	0 	0 	0 	0 	0 	0 	9 	19 	12 	11 	13 	9 	17 	14 	15 	7 	0 	0 	0 	4 	15 	12 	12 	20 	17 	13 	0 	0 	0 	0 	21 	10 	20 	14 	18 	21 	15 	7 	14 	18 	6 	1 	0 	0 	0 	6 	12 	17 	19 	15 	19 	0 	0 	
0 	0 	0 	0 	0 	0 	0 	0 	0 	0 	0 	9 	12 	12 	14 	0 	0 	0 	15 	19 	18 	19 	9 	18 	21 	22 	20 	21 	14 	25 	20 	2 	0 	0 	0 	1 	14 	15 	21 	13 	0 	0 	0 	0 	0 	0 	0 	0 	0 	0 	0 	0 	0 	1 	12 	17 	13 	4 	2 	11 	
10 	23 	7 	21 	20 	16 	20 	1 	0 	0 	0 	0 	6 	14 	17 	19 	15 	17 	18 	21 	21 	19 	17 	10 	0 	0 	0 	0 	0 	0 	0 	10 	17 	19 	9 	0 	0 	0 	0 	0 	0 	0 	0 	0 	8 	14 	12 	17 	19 	18 	6 	0 	0 	0 	0 	0 	4 	17 	22 	9 	
21 	4 	0 	0 	0 	0 	16 	22 	20 	20 	17 	19 	15 	16 	13 	0 	0 	0 	15 	18 	20 	0 	0 	13 	5 	22 	20 	17 	22 	15 	23 	25 	21 	17 	12 	0 	0 	0 	0 	0 	5 	15 	13 	17 	23 	16 	14 	18 	19 	16 	11 	18 	15 	17 	4 	0 	0 	0 	0 	0 	
0 	6 	14 	14 	15 	13 	10 	13 	7 	10 	4 	0 	0 	0 	0 	0 	0 	0 	0 	0 	0 	0 	0 	0 	0 	0 	0 	0 	0 	0 	0 	0 	0 	0 	0 	1 	7 	5 	2 	7 	3 	2 	5 	4 	13 	3 	15 	8 	11 	4 	2 	2 	2 	1 	2 	2 	0 	0 	0 	0 	
0 	0 	0 	2 	4 	2 	7 	5 	7 	8 	15 	7 	4 	0 	0 	0 	0 	0 	1 	10 	10 	9 	13 	11 	4 	3 	3 	4 	3 	1 	1 	8 	3 	0 	4 	4 	6 	9 	8 	9 	8 	6 	15 	15 	20 	13 	16 	10 	7 	6 	9 	4 	0 	0 	0 	0 	0 	9 	9 	8 	
13 	13 	16 	12 	4 	0 	0 	0 	0 	0 	0 	0 	0 	0 	0 	0 	0 	0 	0 	0 	0 	0 	0 	0 	4 	9 	11 	14 	18 	13 	17 	11 	11 	8 	8 	11 	8 	2 	1 	5 	3 	7 	7 	2 	14 	14 	4 	0 	0 	0 	0 	8 	6 	2 	5 	4 	2 	0 	0 	0 	
0 	0 	0 	0 	0 	0 	1 	11 	5 	13 	14 	4 	0 	3 	2 	6 	3 	4 	0 	0 	0 	0 	0 	0 	0 	0 	0 	0 	0 	0 	0 	0 	0 	4 	9 	7 	11 	0 	0 	0 	0 	14 	7 	19 	8 	12 	9 	12 	15 	16 	5 	8 	8 	10 	14 	13 	7 	10 	12 	8 	
3 	3 	1 	1 	0 	0 	0 	0 	0 	0 	0 	0 	0 	0 	0 	0 	0 	0 	9 	0 	4 	2 	0 	1 	1 	2 	2 	1 	0 	0 	3 	1 	5 	2 	2 	0 	0 	0 	0 	0 	0 	0 	0 	0 	1 	4 	12 	3 	1 	0 	1 	1 	3 	0 	2 	1 	0 	0 	0 	0 	
2 	2 	1 	7 	0 	0 	0 	0 	0 	0 	0 	0 	0 	0 	1 	8 	6 	0 	0 	0 	0 	1 	9 	12 	12 	14 	15 	12 	10 	10 	7 	25 	15 	1 	0 	0 	0 	0 	0 	0 	1 	0 	0 	0 	3 	13 	0 	0 	0 	0 	0 	0 	0 	0 	0 	0 	0 	0 	0 	1 	
10 	2 	0 	0 	1 	0 	0 	0 	0 	0 	15 	8 	6 	5 	3 	0 	0 	0 	0 	0 	0 	0 	0 	0 	0 	0 	0 	0 	0 	0 	0 	0 	0 	0 	0 	0 	0 	0 	0 	0 	0 	16 	9 	0 	0 	0 	0 	0 	0 	1 	17 	0 	7 	16 	3 	0 	0 	0 	0 	0 	
0 	0 	0 	0 	0 	0 	0 	0 	0 	0 	0 	0 	0 	0 	0 	0 	0 	0 	0 	0 	0 	0 	0 	0 	0 	0 	0 	0 	0 	0 	0 	0 	0 	0 	0 	0 	0 	0 	0 	0 	0 	0 	0 	0 	0 	0 	0 	0 	0 	0 	0 	0 	0 	0 	0 	0 	0 	0 	0 	0 	
0 	0 	0 	0 	0 	0 	0 	0 	0 	0 	0 	0 	0 	0 	0 	0 	0 	0 	0 	0 	0 	0 	0 	0 	0 	0 	0 	0 	0 	0 	0 	0 	0 	0 	0 	0 	0 	0 	0 	0 	0 	0 	0 	0 	0 	0 	0 	0 	0 	0 	0 	0 	0 	0 	0 	0 	0 	0 	0 	0 	
0 	0 	0 	0 	0 	0 	0 	0 	0 	0 	0 	0 	0 	0 	0 	0 	0 	0 	0 	0 	0 	0 	0 	0 	0 	0 	0 	0 	0 	0 	0 	0 	0 	0 	0 	0 	0 	0 	0 	0 	0 	0 	0 	0 	0 	0 	0 	0 	0 	0 	0 	0 	0 	0 	0 	0 	0 	0 	0 	0 	
0 	0 	0 	0 	0 	0 	0 	0 	0 	0 	0 	0 	0 	0 	0 	0 	0 	0 	0 	0 	0 	0 	0 	0 	0 	0 	0 	0 	0 	0 	0 	0 	0 	0 	0 	0 	0 	0 	0 	0 	0 	0 	0 	0 	0 	0 	0 	0 	0 	0 	0 	0 	0 	0 	0 	0 	0 	0 	0 	0 	
0 	0 	0 	0 	0 	0 	0 	0 	0 	0 	0 	0 	0 	0 	0 	0 	0 	0 	0 	0 	0 	0 	0 	0 	0 	0 	0 	0 	0 	0 	0 	0 	0 	0 	0 	0 	0 	0 	0 	0 	0 	0 	0 	0 	0 	0 	0 	0 	0 	0 	0 	0 	0 	0 	0 	0 	0 	0 	0 	0 	
0 	0 	0 	0 	0 	0 	0 	0 	0 	0 	0 	0 	0 	0 	0 	0 	0 	0 	0 	0 	0 	0 	0 	0 	0 	0 	0 	0 	0 	0 	0 	0 	0 	0 	0 	0 	0 	0 	0 	0 	0 	0 	0 	0 	0 	0 	0 	0 	0 	0 	0 	0 	0 	0 	0 	0 	0 	0 	0 	0 	
0 	0 	0 	0 	0 	0 	0 	0 	0 	0 	0 	0 	0 	0 	0 	0 	0 	0 	0 	0 	0 	0 	0 	0 	0 	0 	0 	0 	0 	0 	0 	0 	0 	0 	0 	0 	0 	0 	0 	0 	0 	0 	0 	0 	0 	0 	0 	0 	0 	0 	0 	0 	0 	0 	0 	0 	0 	0 	0 	0 	
0 	0 	0 	0 	0 	0 	0 	0 	0 	0 	0 	0 	0 	0 	0 	0 	0 	0 	0 	0 	0 	0 	0 	0 	0 	0 	0 	0 	0 	0 	0 	0 	0 	0 	0 	0 	0 	0 	0 	0 	0 	0 	0 	0 	0 	0 	0 	0 	0 	0 	0 	0 	0 	0 	0 	0 	0 	0 	0 	0 	
0 	0 	0 	0 	0 	0 	0 	0 	0 	0 	0 	0 	0 	0 	0 	0 	0 	0 	0 	0 	0 	0 	0 	0 	0 	0 	0 	0 	0 	0 	0 	0 	0 	0 	0 	0 	0 	0 	0 	0 	0 	0 	0 	0 	0 	0 	0 	0 	0 	0 	0 	0 	0 	0 	0 	0 	0 	0 	0 	0 	
0 	0 	0 	0 	0 	0 	0 	0 	0 	0 	0 	0 	0 	0 	0 	0 	0 	0 	0 	0 	0 	0 	0 	0 	0 	0 	0 	0 	0 	0 	0 	0 	0 	0 	0 	0 	0 	0 	0 	0 	0 	0 	0 	0 	0 	0 	0 	0 	0 	0 	0 	0 	0 	0 	0 	0 	0 	0 	0 	0 	
0 	0 	0 	0 	0 	0 	0 	0 	0 	0 	0 	0 	0 	0 	0 	0 	0 	0 	0 	0 	0 	0 	0 	0 	0 	0 	0 	0 	0 	0 	0 	0 	0 	0 	0 	0 	0 	0 	0 	0 	0 	0 	0 	0 	0 	0 	0 	0 	0 	0 	0 	0 	0 	0 	0 	0 	0 	0 	0 	0 	
0 	0 	0 	0 	0 	0 	0 	0 	0 	0 	0 	0 	0 	0 	0 	0 	0 	0 	0 	0 	0 	0 	0 	0 	0 	0 	0 	0 	0 	0 	0 	0 	0 	0 	0 	0 	0 	0 	0 	0 	0 	0 	0 	0 	0 	0 	0 	0 	0 	0 	0 	0 	0 	0 	0 	0 	0 	0 	0 	0 	
0 	0 	0 	0 	0 	0 	0 	0 	0 	0 	0 	0 	0 	1 	13 	5 	0 	0 	0 	1 	0 	0 	2 	8 	12 	15 	1 	1 	3 	1 	2 	4 	6 	5 	3 	0 	0 	0 	0 	0 	0 	5 	4 	4 	15 	4 	10 	9 	10 	0 	0 	0 	0 	0 	9 	16 	15 	7 	0 	2 	
10 	11 	7 	8 	7 	8 	9 	4 	5 	1 	2 	0 	5 	4 	1 	0 	0 	0 	8 	5 	7 	3 	1 	1 	4 	0 	0 	0 	0 	0 	0 	0 	0 	8 	1 	0 	0 	0 	1 	2 	2 	1 	0 	0 	0 	0 	0 	0 	3 	1 	2 	1 	1 	2 	1 	2 	1 	0 	0 	0 	
0 	0 	0 	0 	0 	0 	0 	0 	0 	0 	0 	0 	0 	0 	0 	0 	0 	4 	0 	3 	2 	0 	1 	3 	1 	1 	0 	1 	2 	3 	2 	1 	0 	2 	2 	4 	2 	2 	2 	0 	7 	4 	1 	2 	0 	0 	0 	0 	0 	5 	4 	0 	0 	0 	0 	2 	1 	1 	0 	0 	
0 	0 	0 	0 	0 	0 	0 	0 	0 	0 	0 	0 	0 	0 	0 	0 	0 	0 	0 	0 	0 	0 	0 	0 	0 	0 	0 	0 	0 	0 	0 	0 	0 	0 	0 	0 	0 	1 	1 	1 	1 	1 	1 	2 	1 	1 	2 	1 	1 	0 	0 	0 	0 	0 	0 	0 	0 	2 	1 	1 	
2 	0 	0 	0 	0 	2 	1 	0 	0 	1 	1 	0 	0 	0 	0 	0 	0 	0 	0 	3 	1 	1 	2 	3 	0 	1 	1 	2 	0 	0 	0 	0 	1 	1 	0 	1 	0 	0 	0 	0 	0 	2 	1 	0 	0 	1 	0 	0 	1 	0 	1 	1 	0 	0 	0 	0 	0 	0 	0 	0 	
0 	0 	0 	0 	0 	0 	0 	0 	0 	0 	0 	1 	0 	3 	0 	1 	1 	0 	1 	2 	0 	0 	2 	0 	1 	0 	0 	0 	0 	0 	0 	0 	0 	0 	0 	1 	0 	0 	0 	0 	1 	2 	0 	0 	0 	0 	0 	0 	0 	0 	0 	0 	0 	0 	2 	0 	1 	2 	0 	1 	
1 	0 	1 	1 	0 	0 	0 	0 	0 	0 	0 	0 	0 	0 	0 	0 	0 	0 	0 	0 	0 	0 	0 	0 	0 	0 	1 	0 	1 	0 	0 	0 	1 	0 	0 	0 	0 	0 	1 	0 	0 	0 	0 	0 	0 	0 	0 	0 	1 	0 	0 	0 	0 	0 	0 	0 	0 	0 	0 	0 	
0 	2 	1 	0 	0 	1 	1 	0 	1 	1 	0 	0 	0 	0 	0 	1 	1 	0 	0 	1 	1 	0 	1 	3 	1 	3 	1 	3 	0 	1 	0 	1 	0 	0 	0 	0 	0 	0 	0 	0 	0 	0 	0 	0 	0 	0 	0 	0 	0 	0 	0 	0 	0 	0 	0 	0 	0 	0 	0 	0 	
0 	0 	0 	0 	0 	0 	0 	0 	0 	0 	3 	2 	1 	1 	0 	0 	0 	1 	0 	0 	1 	1 	0 	0 	1 	1 	0 	0 	0 	0 	1 	0 	0 	0 	0 	0 	0 	0 	1 	1 	0 	0 	0 	0 	1 	3 	0 	0 	4 	3 	1 	0 	0 	0 	0 	0 	0 	0 	0 	0 	
0 	0 	0 	0 	0 	0 	0 	0 	0 	0 	0 	0 	0 	3 	2 	1 	0 	1 	0 	0 	0 	0 	0 	0 	0 	0 	0 	0 	0 	0 	1 	0 	1 	0 	0 	1 	0 	0 	2 	0 	0 	0 	6 	1 	0 	0 	0 	0 	1 	1 	0 	1 	0 	0 	0 	0 	0 	0 	0 	0 	
1 	3 	4 	0 	0 	2 	1 	1 	1 	0 	0 	0 	0 	0 	0 	0 	0 	0 	3 	1 	0 	0 	1 	0 	0 	0 	2 	5 	2 	0 	0 	0 	0 	0 	0 	0 	0 	0 	3 	12 	16 	16 	12 	8 	0 	0 	19 	16 	16 	10 	12 	7 	11 	11 	9 	19 	16 	4 	2 	0 	
0 	0 	0 	0 	0 	0 	0 	0 	0 	0 	0 	0 	0 	0 	0 	0 	0 	0 	0 	0 	0 	0 	0 	0 	0 	0 	0 	1 	9 	7 	10 	7 	16 	4 	0 	0 	0 	9 	0 	0 	0 	0 	0 	0 	0 	0 	0 	0 	0 	0 	0 	0 	0 	5 	0 	0 	0 	0 	9 	1 	
0 	0 	1 	1 	0 	0 	0 	0 	0 	0 	0 	0 	0 	0 	0 	0 	0 	0 	0 	0 	0 	0 	0 	0 	0 	0 	0 	0 	0 	0 	0 	0 	0 	0 	0 	0 	0 	0 	0 	0 	0 	0 	0 	0 	0 	0 	0 	0 	0 	0 	0 	0 	0 	0 	0 	0 	0 	0 	0 	0 	
0 	0 	0 	0 	0 	0 	0 	0 	0 	0 	0 	0 	0 	0 	0 	0 	0 	0 	0 	0 	0 	0 	0 	0 	0 	0 	0 	0 	0 	0 	0 	0 	0 	0 	0 	0 	0 	0 	0 	0 	0 	0 	0 	0 	0 	0 	0 	0 	0 	0 	0 	0 	0 	0 	0 	0 	0 	0 	0 	0 	
0 	0 	0 	0 	0 	0 	0 	0 	0 	0 	0 	0 	0 	0 	0 	0 	0 	0 	0 	0 	0 	0 	0 	0 	0 	0 	0 	0 	0 	0 	0 	0 	0 	0 	0 	0 	0 	0 	0 	0 	0 	0 	0 	0 	0 	0 	0 	0 	0 	0 	0 	0 	0 	0 	0 	0 	0 	0 	0 	0 	
0 	0 	0 	0 	0 	0 	0 	0 	0 	0 	0 	0 	0 	0 	0 	0 	0 	0 	0 	0 	0 	0 	0 	0 	0 	0 	0 	0 	0 	0 	0 	0 	0 	0 	0 	0 	0 	0 	0 	0 	0 	0 	0 	0 	0 	0 	0 	0 	0 	0 	0 	0 	0 	0 	0 	0 	0 	0 	0 	0 	
0 	0 	0 	0 	0 	0 	0 	0 	0 	0 	0 	0 	0 	0 	0 	0 	0 	0 	0 	0 	0 	0 	0 	0 	0 	0 	0 	0 	0 	0 	0 	0 	0 	0 	0 	0 	0 	0 	0 	0 	0 	0 	0 	0 	0 	0 	0 	0 	0 	0 	0 	0 	0 	0 	0 	0 	0 	0 	0 	0 	
0 	0 	0 	0 	0 	0 	0 	0 	0 	0 	0 	0 	0 	0 	0 	0 	0 	0 	0 	0 	0 	0 	0 	0 	0 	0 	0 	0 	0 	0 	0 	0 	0 	0 	0 	0 	0 	0 	0 	0 	0 	0 	0 	0 	0 	0 	0 	0 	0 	0 	0 	0 	0 	0 	0 	0 	0 	0 	0 	0 	
0 	0 	0 	0 	0 	0 	0 	0 	0 	0 	0 	0 	0 	0 	0 	0 	0 	0 	0 	0 	0 	0 	0 	0 	0 	0 	0 	0 	0 	0 	0 	0 	0 	0 	0 	0 	0 	0 	0 	0 	0 	0 	0 	0 	0 	0 	0 	0 	0 	0 	0 	0 	0 	0 	0 	0 	0 	0 	0 	0 	
0 	0 	0 	0 	0 	0 	0 	0 	0 	0 	0 	0 	0 	0 	0 	0 	0 	0 	0 	0 	0 	0 	0 	0 	0 	0 	0 	0 	0 	0 	0 	0 	0 	0 	0 	0 	0 	0 	0 	0 	0 	0 	0 	0 	0 	0 	0 	0 	0 	0 	0 	0 	0 	0 	0 	0 	0 	0 	0 	0 	
0 	0 	0 	0 	0 	0 	0 	0 	0 	0 	0 	0 	0 	0 	0 	0 	0 	0 	0 	0 	0 	0 	0 	0 	0 	0 	0 	0 	0 	0 	0 	0 	0 	0 	0 	0 	0 	0 	0 	0 	0 	0 	0 	0 	0 	0 	0 	0 	0 	0 	0 	0 	0 	0 	0 	0 	0 	0 	0 	0 	
0 	0 	0 	0 	0 	0 	0 	0 	0 	0 	0 	0 	0 	0 	0 	0 	0 	0 	0 	0 	0 	0 	0 	0 	0 	0 	0 	0 	0 	0 	0 	0 	0 	0 	0 	0 	0 	0 	0 	0 	0 	0 	0 	0 	0 	0 	0 	0 	0 	0 	0 	0 	0 	0 	0 	0 	0 	0 	0 	0 	
0 	0 	0 	0 	0 	0 	0 	0 	0 	0 	0 	0 	0 	0 	0 	0 	0 	0 	0 	0 	0 	0 	0 	0 	0 	0 	0 	0 	0 	0 	0 	0 	0 	0 	0 	0 	0 	0 	0 	0 	0 	0 	0 	0 	0 	0 	0 	0 	0 	0 	0 	0 	0 	0 	0 	0 	0 	0 	0 	0 	
0 	0 	0 	0 	0 	0 	0 	0 	0 	0 	0 	0 	0 	0 	0 	0 	0 	0 	0 	0 	0 	0 	0 	0 	0 	0 	0 	0 	0 	0 	0 	0 	0 	0 	0 	0 	0 	0 	0 	0 	0 	0 	0 	0 	0 	0 	0 	0 	0 	0 	0 	0 	0 	0 	0 	0 	0 	0 	0 	0 	
0 	0 	0 	0 	0 	0 	0 	0 	2 	0 	0 	0 	0 	0 	0 	0 	1 	0 	0 	0 	0 	0 	0 	0 	0 	0 	0 	0 	3 	1 	0 	0 	2 	2 	1 	1 	0 	0 	0 	0 	0 	0 	0 	0 	0 	0 	0 	4 	1 	0 	0 	1 	1 	1 	1 	1 	0 	0 	0 	0 	
0 	0 	0 	0 	0 	0 	0 	0 	0 	0 	0 	0 	0 	0 	0 	0 	1 	0 	0 	1 	1 	0 	0 	2 	1 	2 	0 	0 	0 	0 	0 	0 	0 	0 	0 	0 	0 	0 	0 	0 	0 	3 	1 	0 	5 	0 	1 	1 	0 	0 	0 	0 	0 	0 	0 	0 	0 	0 	0 	0 	
0 	0 	0 	0 	0 	0 	0 	0 	0 	0 	0 	0 	1 	0 	0 	0 	0 	1 	2 	0 	0 	0 	0 	0 	0 	0 	1 	0 	0 	2 	4 	1 	2 	0 	0 	0 	0 	0 	0 	0 	0 	1 	1 	2 	1 	1 	2 	2 	3 	0 	2 	0 	0 	0 	0 	0 	0 	0 	0 	0 	
0 	0 	1 	0 	0 	1 	0 	0 	0 	0 	0 	0 	0 	0 	0 	0 	0 	0 	0 	0 	0 	0 	0 	0 	0 	0 	0 	0 	1 	0 	2 	0 	0 	0 	0 	0 	0 	2 	2 	0 	0 	0 	0 	0 	0 	1 	2 	0 	0 	0 	3 	3 	3 	2 	3 	2 	1 	1 	2 	2 	
2 	4 	2 	1 	2 	1 	0 	2 	1 	0 	0 	0 	0 	0 	0 	0 	0 	0 	0 	0 	0 	2 	2 	0 	0 	1 	1 	2 	0 	1 	1 	0 	0 	0 	0 	0 	0 	0 	0 	0 	0 	0 	0 	0 	0 	0 	0 	0 	0 	0 	0 	0 	0 	0 	0 	0 	0 	0 	0 	0 	
0 	0 	0 	0 	0 	0 	0 	0 	0 	2 	1 	1 	1 	1 	4 	2 	1 	2 	1 	0 	1 	0 	1 	0 	0 	0 	0 	0 	0 	0 	0 	1 	3 	1 	2 	0 	0 	0 	0 	0 	0 	0 	0 	0 	0 	0 	0 	0 	0 	0 	0 	0 	0 	0 	0 	0 	0 	0 	0 	1 	
0 	0 	0 	0 	2 	0 	1 	2 	2 	3 	0 	2 	0 	3 	1 	0 	3 	0 	0 	2 	0 	0 	0 	0 	0 	0 	0 	0 	0 	0 	0 	0 	0 	0 	0 	0 	0 	1 	0 	1 	0 	4 	2 	2 	0 	0 	0 	1 	3 	1 	1 	0 	0 	0 	0 	1 	1 	1 	0 	1 	
2 	2 	1 	2 	0 	1 	0 	0 	2 	1 	0 	0 	0 	0 	0 	0 	0 	0 	0 	0 	0 	0 	0 	0 	0 	0 	0 	0 	0 	0 	0 	0 	0 	0 	0 	0 	0 	0 	0 	0 	0 	0 	0 	1 	2 	4 	3 	0 	0 	0 	4 	3 	2 	4 	2 	1 	4 	3 	0 	0 	
4 	1 	2 	2 	0 	1 	7 	0 	2 	1 	0 	0 	0 	0 	0 	0 	0 	0 	0 	0 	0 	0 	0 	0 	0 	0 	0 	0 	0 	2 	2 	0 	0 	0 	0 	0 	0 	0 	0 	0 	0 	1 	1 	2 	0 	0 	1 	0 	0 	0 	0 	0 	0 	0 	0 	0 	0 	0 	0 	1 	
0 	3 	1 	0 	0 	0 	0 	0 	0 	0 	0 	0 	0 	0 	0 	0 	0 	0 	0 	0 	0 	0 	0 	0 	0 	0 	0 	0 	1 	0 	1 	0 	0 	0 	0 	1 	0 	1 	3 	0 	2 	1 	3 	1 	1 	1 	1 	2 	1 	1 	3 	2 	1 	2 	0 	0 	0 	0 	0 	0 	
0 	0 	0 	0 	0 	0 	0 	0 	0 	1 	2 	0 	3 	0 	2 	1 	1 	2 	1 	1 	0 	0 	0 	2 	0 	0 	0 	0 	0 	0 	3 	14 	14 	18 	15 	11 	10 	11 	14 	10 	8 	10 	10 	7 	12 	12 	6 	3 	0 	0 	0 	0 	0 	0 	0 	0 	0 	0 	0 	0 	
0 	0 	0 	2 	1 	4 	0 	0 	3 	1 	0 	0 	0 	0 	0 	0 	0 	0 	0 	4 	1 	0 	0 	8 	4 	0 	0 	0 	0 	0 	0 	0 	0 	0 	0 	4 	5 	0 	0 	0 	0 	0 	0 	0 	0 	0 	0 	0 	2 	0 	0 	0 	0 	0 	0 	0 	0 	0 	0 	0 	
0 	0 	0 	0 	0 	0 	0 	0 	0 	0 	0 	0 	0 	0 	0 	0 	0 	0 	0 	0 	0 	0 	0 	0 	0 	0 	0 	0 	0 	0 	0 	0 	0 	0 	0 	0 	0 	0 	0 	0 	0 	0 	0 	0 	0 	0 	0 	0 	0 	0 	0 	0 	0 	0 	0 	0 	0 	0 	0 	0 	
0 	0 	0 	0 	0 	0 	0 	0 	0 	0 	0 	0 	0 	0 	0 	0 	0 	0 	0 	0 	0 	0 	0 	0 	0 	0 	0 	0 	0 	0 	0 	0 	0 	0 	0 	0 	0 	0 	0 	0 	0 	0 	0 	0 	0 	0 	0 	0 	0 	0 	0 	0 	0 	0 	0 	0 	0 	0 	0 	0 	
0 	0 	0 	0 	0 	0 	0 	0 	0 	0 	0 	0 	0 	0 	0 	0 	0 	0 	0 	0 	0 	0 	0 	0 	0 	0 	0 	0 	0 	0 	0 	0 	0 	0 	0 	0 	0 	0 	0 	0 	0 	0 	0 	0 	0 	0 	0 	0 	0 	0 	0 	0 	0 	0 	0 	0 	0 	0 	0 	0 	
0 	0 	0 	0 	0 	0 	0 	0 	0 	0 	0 	0 	0 	0 	0 	0 	0 	0 	0 	0 	0 	0 	0 	0 	0 	0 	0 	0 	0 	0 	0 	0 	0 	0 	0 	0 	0 	0 	0 	0 	0 	0 	0 	0 	0 	0 	0 	0 	0 	0 	0 	0 	0 	0 	0 	0 	0 	0 	0 	0 	
0 	0 	0 	0 	0 	0 	0 	0 	0 	0 	0 	0 	0 	0 	0 	0 	0 	0 	0 	0 	0 	0 	0 	0 	0 	0 	0 	0 	0 	0 	0 	0 	0 	0 	0 	0 	0 	0 	0 	0 	0 	0 	0 	0 	0 	0 	0 	0 	0 	0 	0 	0 	0 	0 	0 	0 	0 	0 	0 	0 	
0 	0 	0 	0 	0 	0 	0 	0 	0 	0 	0 	0 	0 	0 	0 	0 	0 	0 	0 	0 	0 	0 	0 	0 	0 	0 	0 	0 	0 	0 	0 	0 	0 	0 	0 	0 	0 	0 	0 	0 	0 	0 	0 	0 	0 	0 	0 	0 	0 	0 	0 	0 	0 	0 	0 	0 	0 	0 	0 	0 	
0 	0 	0 	0 	0 	0 	0 	0 	0 	0 	0 	0 	0 	0 	0 	0 	0 	0 	0 	0 	0 	0 	0 	0 	0 	0 	0 	0 	0 	0 	0 	0 	0 	0 	0 	0 	0 	0 	0 	0 	0 	0 	0 	0 	0 	0 	0 	0 	0 	0 	0 	0 	0 	0 	0 	0 	0 	0 	0 	0 	
0 	0 	0 	0 	0 	0 	0 	0 	0 	0 	0 	0 	0 	0 	0 	0 	0 	0 	0 	0 	0 	0 	0 	0 	0 	0 	0 	0 	0 	0 	0 	0 	0 	0 	0 	0 	0 	0 	0 	0 	0 	0 	0 	0 	0 	0 	0 	0 	0 	0 	0 	0 	0 	0 	0 	0 	0 	0 	0 	0 	
0 	0 	0 	0 	0 	0 	0 	0 	0 	0 	0 	0 	0 	0 	0 	0 	0 	0 	0 	0 	0 	0 	0 	0 	0 	0 	0 	0 	0 	0 	0 	0 	0 	0 	0 	0 	0 	0 	0 	0 	0 	0 	0 	0 	0 	0 	0 	0 	0 	0 	0 	0 	0 	0 	0 	0 	0 	0 	0 	0 	
0 	0 	0 	0 	0 	0 	0 	0 	0 	0 	0 	0 	0 	0 	0 	0 	0 	0 	0 	0 	0 	0 	0 	0 	0 	0 	0 	0 	0 	0 	0 	0 	0 	0 	0 	0 	0 	0 	0 	0 	0 	0 	0 	0 	0 	0 	0 	0 	0 	0 	0 	0 	0 	0 	0 	0 	0 	0 	0 	0 	
0 	0 	0 	0 	0 	0 	0 	0 	0 	0 	0 	0 	0 	0 	0 	0 	0 	0 	0 	0 	0 	0 	0 	0 	0 	0 	0 	0 	0 	0 	0 	0 	0 	0 	0 	0 	0 	0 	0 	0 	0 	0 	0 	0 	0 	0 	0 	0 	0 	0 	0 	0 	0 	0 	0 	0 	0 	0 	0 	0 	
0 	0 	0 	0 	0 	0 	0 	0 	0 	0 	0 	0 	0 	0 	0 	0 	0 	0 	0 	0 	0 	0 	0 	0 	0 	0 	0 	0 	0 	0 	0 	0 	0 	0 	0 	0 	0 	0 	0 	0 	0 	0 	0 	0 	0 	0 	0 	0 	0 	0 	0 	0 	0 	0 	0 	0 	0 	0 	0 	0 	
0 	0 	0 	0 	0 	0 	0 	0 	0 	0 	0 	0 	0 	0 	0 	0 	0 	0 	0 	0 	0 	0 	0 	0 	0 	0 	0 	0 	0 	0 	0 	1 	2 	1 	3 	12 	6 	5 	0 	0 	0 	0 	0 	4 	2 	3 	1 	1 	1 	2 	0 	0 	4 	1 	1 	1 	2 	0 	1 	0 	
0 	0 	0 	0 	0 	0 	0 	0 	0 	0 	0 	1 	2 	0 	1 	3 	0 	2 	0 	0 	0 	0 	0 	0 	0 	0 	0 	2 	2 	1 	1 	1 	0 	0 	0 	0 	0 	0 	1 	2 	1 	0 	0 	0 	0 	0 	1 	1 	2 	0 	0 	3 	0 	1 	2 	0 	1 	0 	0 	0 	
0 	0 	0 	0 	0 	0 	4 	2 	0 	1 	2 	0 	0 	0 	2 	0 	1 	0 	0 	0 	0 	0 	0 	0 	0 	0 	0 	0 	0 	0 	0 	0 	0 	0 	0 	0 	0 	0 	0 	0 	0 	0 	0 	0 	0 	1 	0 	2 	3 	3 	0 	1 	0 	0 	1 	0 	1 	3 	1 	0 	
4 	1 	1 	1 	1 	1 	0 	0 	0 	0 	0 	0 	0 	0 	0 	0 	0 	0 	0 	0 	0 	0 	0 	0 	0 	0 	0 	0 	0 	0 	0 	0 	0 	0 	0 	0 	0 	0 	0 	0 	0 	0 	0 	0 	0 	0 	0 	0 	0 	0 	0 	0 	0 	0 	1 	1 	1 	0 	1 	0 	
0 	0 	0 	0 	0 	1 	4 	1 	2 	2 	0 	3 	1 	1 	0 	1 	0 	0 	0 	0 	0 	0 	0 	0 	0 	0 	0 	0 	0 	0 	0 	1 	4 	1 	0 	0 	0 	0 	0 	0 	0 	0 	0 	0 	0 	0 	0 	0 	0 	0 	0 	0 	0 	0 	0 	0 	0 	0 	0 	0 	
0 	0 	0 	0 	0 	0 	0 	2 	1 	1 	1 	0 	0 	0 	0 	0 	0 	0 	0 	0 	0 	1 	0 	0 	1 	1 	0 	0 	5 	0 	1 	1 	1 	3 	1 	2 	0 	0 	0 	0 	0 	0 	0 	0 	0 	0 	0 	0 	0 	0 	0 	0 	0 	0 	0 	0 	0 	0 	0 	0 	
0 	0 	0 	0 	0 	0 	0 	0 	0 	0 	0 	0 	0 	0 	0 	0 	0 	0 	0 	0 	0 	0 	0 	2 	1 	0 	0 	0 	2 	2 	2 	1 	0 	0 	0 	0 	0 	0 	0 	0 	0 	0 	0 	0 	0 	0 	0 	0 	0 	0 	3 	2 	1 	5 	0 	0 	0 	0 	0 	0 	
0 	0 	0 	0 	0 	3 	0 	3 	2 	0 	0 	0 	2 	2 	3 	6 	0 	0 	2 	0 	0 	0 	0 	0 	0 	0 	0 	0 	0 	0 	0 	0 	3 	3 	2 	4 	4 	6 	1 	2 	2 	0 	1 	1 	0 	0 	0 	0 	0 	0 	0 	0 	0 	3 	1 	1 	0 	0 	2 	2 	
2 	0 	0 	0 	0 	0 	0 	0 	0 	0 	0 	0 	0 	0 	0 	0 	0 	0 	0 	0 	0 	0 	0 	0 	0 	0 	0 	0 	0 	0 	0 	0 	0 	3 	0 	3 	0 	0 	0 	0 	0 	0 	0 	0 	0 	0 	3 	1 	8 	5 	4 	3 	4 	1 	2 	3 	6 	3 	0 	1 	
0 	0 	0 	0 	6 	2 	3 	2 	3 	6 	2 	8 	7 	3 	7 	3 	10 	5 	5 	10 	4 	6 	6 	4 	0 	0 	0 	0 	0 	3 	2 	5 	12 	6 	6 	3 	0 	0 	0 	0 	0 	0 	0 	0 	0 	0 	0 	5 	10 	4 	4 	0 	0 	0 	0 	0 	0 	0 	0 	0 	
0 	0 	0 	0 	0 	0 	0 	0 	0 	0 	0 	6 	4 	9 	9 	4 	6 	3 	0 	0 	0 	0 	0 	3 	0 	0 	0 	0 	0 	2 	0 	0 	0 	13 	23 	16 	20 	13 	20 	13 	13 	18 	18 	22 	25 	23 	26 	15 	22 	14 	12 	9 	10 	1 	6 	18 	19 	9 	24 	17 	
13 	11 	7 	17 	18 	13 	6 	0 	18 	12 	5 	15 	21 	17 	12 	12 	10 	1 	0 	0 	0 	0 	0 	0 	0 	10 	18 	19 	9 	8 	15 	16 	15 	13 	13 	13 	14 	15 	0 	0 	0 	0 	0 	0 	0 	3 	0 	0 	0 	0 	0 	1 	15 	0 	0 	0 	0 	0 	0 	0 	
0 	0 	0 	0 	0 	0 	0 	0 	0 	0 	0 	0 	0 	0 	0 	0 	0 	0 	0 	0 	0 	0 	0 	0 	0 	0 	0 	0 	0 	0 	0 	0 	0 	0 	0 	0 	0 	0 	0 	0 	0 	0 	0 	0 	0 	0 	0 	0 	0 	0 	0 	0 	0 	0 	0 	0 	0 	0 	0 	0 	
0 	0 	0 	0 	0 	0 	0 	0 	0 	0 	0 	0 	0 	0 	0 	0 	0 	0 	0 	0 	0 	0 	0 	0 	0 	0 	0 	0 	0 	0 	0 	0 	0 	0 	0 	0 	0 	0 	0 	0 	0 	0 	0 	0 	0 	0 	0 	0 	0 	0 	0 	0 	0 	0 	0 	0 	0 	0 	0 	0 	
0 	0 	0 	0 	0 	0 	0 	0 	0 	0 	0 	0 	0 	0 	0 	0 	0 	0 	0 	0 	0 	0 	0 	0 	0 	0 	0 	0 	0 	0 	0 	0 	0 	0 	0 	0 	0 	0 	0 	0 	0 	0 	0 	0 	0 	0 	0 	0 	0 	0 	0 	0 	0 	0 	0 	0 	0 	0 	0 	0 	
0 	0 	0 	0 	0 	0 	0 	0 	0 	0 	0 	0 	0 	0 	0 	0 	0 	0 	0 	0 	0 	0 	0 	0 	0 	0 	0 	0 	0 	0 	0 	0 	0 	0 	0 	0 	0 	0 	0 	0 	0 	0 	0 	0 	0 	0 	0 	0 	0 	0 	0 	0 	0 	0 	0 	0 	0 	0 	0 	0 	
0 	0 	0 	0 	0 	0 	0 	0 	0 	0 	0 	0 	0 	0 	0 	0 	0 	0 	0 	0 	0 	0 	0 	0 	0 	0 	0 	0 	0 	0 	0 	0 	0 	0 	0 	0 	0 	0 	0 	0 	0 	0 	0 	0 	0 	0 	0 	0 	0 	0 	0 	0 	0 	0 	0 	0 	0 	0 	0 	0 	
0 	0 	0 	0 	0 	0 	0 	0 	0 	0 	0 	0 	0 	0 	0 	0 	0 	0 	0 	0 	0 	0 	0 	0 	0 	0 	0 	0 	0 	0 	0 	0 	0 	0 	0 	0 	0 	0 	0 	0 	0 	0 	0 	0 	0 	0 	0 	0 	0 	0 	0 	0 	0 	0 	0 	0 	0 	0 	0 	0 	
0 	0 	0 	0 	0 	0 	0 	0 	0 	0 	0 	0 	0 	0 	0 	0 	0 	0 	0 	0 	0 	0 	0 	0 	0 	0 	0 	0 	0 	0 	0 	0 	0 	0 	0 	0 	0 	0 	0 	0 	0 	0 	0 	0 	0 	0 	0 	0 	0 	0 	0 	0 	0 	0 	0 	0 	0 	0 	0 	0 	
0 	0 	0 	0 	0 	0 	0 	0 	0 	0 	0 	0 	0 	0 	0 	0 	0 	0 	0 	0 	0 	0 	0 	0 	0 	0 	0 	0 	0 	0 	0 	0 	0 	0 	0 	0 	0 	0 	0 	0 	0 	0 	0 	0 	0 	0 	0 	0 	0 	0 	0 	0 	0 	0 	0 	0 	0 	0 	0 	0 	
0 	0 	0 	0 	0 	0 	0 	0 	0 	0 	0 	0 	0 	0 	0 	0 	0 	0 	0 	0 	0 	0 	0 	0 	0 	0 	0 	0 	0 	0 	0 	0 	0 	0 	0 	0 	0 	0 	0 	0 	0 	0 	0 	0 	0 	0 	0 	0 	0 	0 	0 	0 	0 	0 	0 	0 	0 	0 	0 	0 	
0 	0 	0 	0 	0 	0 	0 	0 	0 	0 	0 	0 	0 	0 	0 	0 	0 	0 	0 	0 	0 	0 	0 	0 	0 	0 	0 	0 	0 	0 	0 	0 	0 	0 	0 	0 	0 	0 	0 	0 	0 	0 	0 	0 	0 	0 	0 	0 	0 	0 	0 	0 	0 	0 	0 	0 	0 	0 	0 	0 	
0 	0 	0 	0 	0 	0 	0 	0 	0 	0 	0 	0 	0 	0 	0 	0 	0 	0 	0 	0 	0 	0 	0 	0 	0 	0 	0 	0 	0 	0 	0 	0 	0 	0 	0 	0 	0 	0 	0 	0 	0 	0 	0 	0 	0 	0 	0 	0 	0 	0 	0 	0 	0 	0 	0 	0 	0 	0 	0 	0 	
0 	0 	0 	0 	0 	0 	0 	0 	0 	0 	0 	0 	0 	0 	0 	0 	0 	0 	0 	0 	0 	0 	0 	0 	0 	0 	0 	0 	0 	0 	0 	0 	0 	0 	0 	0 	0 	0 	0 	0 	0 	0 	0 	0 	0 	0 	0 	0 	0 	0 	0 	0 	0 	0 	0 	0 	0 	0 	0 	0 	
0 	0 	0 	0 	1 	1 	0 	0 	0 	0 	0 	0 	0 	0 	0 	1 	3 	2 	3 	0 	1 	0 	0 	0 	0 	0 	0 	0 	0 	0 	0 	0 	0 	0 	7 	4 	3 	5 	12 	8 	0 	0 	0 	0 	2 	2 	2 	10 	12 	6 	7 	6 	6 	6 	5 	5 	6 	13 	3 	6 	
2 	8 	5 	0 	0 	0 	0 	0 	0 	0 	0 	0 	0 	0 	0 	0 	0 	0 	0 	0 	5 	0 	1 	0 	0 	0 	0 	0 	0 	0 	0 	0 	0 	0 	3 	3 	9 	9 	1 	0 	0 	0 	0 	0 	0 	0 	0 	0 	0 	0 	0 	0 	0 	0 	9 	9 	7 	12 	11 	6 	
0 	0 	0 	0 	16 	9 	10 	12 	7 	6 	0 	0 	0 	1 	0 	0 	0 	0 	0 	1 	0 	0 	4 	7 	4 	5 	0 	0 	0 	3 	5 	12 	2 	5 	9 	5 	9 	5 	5 	0 	0 	0 	0 	0 	0 	0 	0 	2 	7 	11 	4 	0 	0 	0 	0 	0 	10 	10 	10 	10 	
9 	11 	5 	6 	0 	0 	0 	0 	0 	0 	0 	4 	1 	0 	0 	0 	0 	0 	5 	13 	11 	3 	13 	5 	0 	0 	0 	0 	0 	0 	0 	0 	0 	8 	13 	13 	16 	12 	9 	7 	12 	13 	10 	14 	12 	14 	8 	12 	12 	12 	13 	13 	13 	1 	0 	0 	0 	0 	0 	0 	
0 	0 	0 	0 	0 	0 	0 	0 	0 	0 	0 	0 	0 	0 	0 	0 	0 	0 	0 	0 	0 	0 	0 	0 	0 	0 	0 	0 	0 	0 	0 	0 	0 	0 	0 	16 	10 	12 	14 	12 	11 	0 	0 	0 	0 	7 	11 	7 	9 	0 	0 	0 	1 	10 	9 	3 	0 	0 	0 	0 	
0 	14 	10 	11 	12 	9 	4 	0 	0 	0 	0 	0 	0 	0 	0 	0 	1 	0 	0 	0 	0 	0 	0 	0 	0 	0 	0 	0 	0 	0 	0 	5 	3 	0 	6 	5 	7 	6 	1 	0 	0 	0 	0 	0 	0 	0 	0 	0 	0 	0 	0 	0 	0 	0 	0 	0 	0 	0 	0 	4 	
1 	0 	0 	0 	1 	8 	7 	7 	5 	15 	8 	6 	5 	5 	0 	0 	0 	0 	0 	0 	0 	0 	0 	6 	4 	5 	5 	0 	0 	0 	0 	0 	0 	0 	0 	0 	0 	0 	0 	0 	0 	0 	0 	0 	0 	0 	0 	0 	0 	0 	0 	0 	0 	3 	7 	7 	4 	12 	8 	6 	
3 	0 	0 	0 	0 	0 	0 	0 	0 	0 	0 	0 	0 	0 	0 	0 	0 	0 	3 	7 	4 	0 	0 	0 	0 	0 	0 	0 	0 	0 	0 	2 	3 	3 	1 	0 	0 	0 	0 	0 	0 	0 	0 	0 	0 	0 	0 	2 	5 	4 	6 	7 	2 	6 	4 	3 	1 	0 	0 	0 	
0 	0 	0 	0 	0 	0 	0 	0 	0 	0 	0 	0 	0 	0 	0 	0 	0 	0 	0 	0 	0 	0 	0 	0 	0 	0 	0 	0 	0 	0 	0 	0 	0 	0 	0 	0 	6 	7 	2 	5 	4 	7 	6 	3 	4 	0 	0 	0 	0 	0 	0 	0 	0 	0 	0 	0 	0 	0 	0 	0 	
0 	0 	0 	0 	0 	0 	0 	0 	0 	0 	0 	0 	1 	3 	3 	3 	5 	5 	5 	7 	0 	0 	0 	0 	0 	0 	0 	0 	0 	0 	0 	0 	0 	0 	0 	1 	3 	3 	4 	6 	3 	0 	0 	0 	0 	0 	0 	0 	0 	0 	1 	0 	0 	0 	0 	0 	0 	0 	0 	0 	
0 	0 	0 	0 	0 	0 	0 	0 	0 	0 	0 	0 	0 	0 	0 	4 	4 	1 	2 	5 	6 	4 	0 	0 	0 	0 	0 	0 	0 	0 	0 	2 	0 	8 	16 	8 	11 	9 	19 	12 	7 	3 	9 	8 	9 	7 	4 	22 	4 	0 	0 	0 	0 	0 	0 	0 	1 	0 	9 	2 	
0 	0 	0 	0 	0 	0 	0 	0 	0 	0 	0 	0 	0 	0 	0 	0 	0 	0 	0 	0 	0 	0 	0 	0 	0 	0 	0 	0 	0 	0 	0 	0 	0 	0 	0 	0 	0 	0 	0 	0 	0 	0 	0 	0 	0 	0 	0 	0 	0 	0 	0 	0 	0 	0 	0 	1 	0 	0 	1 	2 	
0 	0 	3 	0 	0 	0 	0 	0 	0 	0 	0 	0 	0 	0 	0 	0 	0 	0 	0 	0 	0 	0 	0 	0 	0 	0 	0 	0 	0 	0 	0 	0 	0 	0 	0 	0 	0 	0 	0 	0 	0 	0 	0 	0 	0 	0 	0 	0 	0 	0 	0 	0 	0 	0 	0 	0 	0 	0 	0 	0 	
0 	0 	0 	0 	0 	0 	0 	0 	0 	0 	0 	0 	0 	0 	0 	0 	0 	0 	0 	0 	0 	0 	0 	0 	0 	0 	0 	0 	0 	0 	0 	0 	0 	0 	0 	0 	0 	0 	0 	0 	0 	0 	0 	0 	0 	0 	0 	0 	0 	0 	0 	0 	0 	0 	0 	0 	0 	0 	0 	0 	
0 	0 	0 	0 	0 	0 	0 	0 	0 	0 	0 	0 	0 	0 	0 	0 	0 	0 	0 	0 	0 	0 	0 	0 	0 	0 	0 	0 	0 	0 	0 	0 	0 	0 	0 	0 	0 	0 	0 	0 	0 	0 	0 	0 	0 	0 	0 	0 	0 	0 	0 	0 	0 	0 	0 	0 	0 	0 	0 	0 	
0 	0 	0 	0 	0 	0 	0 	0 	0 	0 	0 	0 	0 	0 	0 	0 	0 	0 	0 	0 	0 	0 	0 	0 	0 	0 	0 	0 	0 	0 	0 	0 	0 	0 	0 	0 	0 	0 	0 	0 	0 	0 	0 	0 	0 	0 	0 	0 	0 	0 	0 	0 	0 	0 	0 	0 	0 	0 	0 	0 	
0 	0 	0 	0 	0 	0 	0 	0 	0 	0 	0 	0 	0 	0 	0 	0 	0 	0 	0 	0 	0 	0 	0 	0 	0 	0 	0 	0 	0 	0 	0 	0 	0 	0 	0 	0 	0 	0 	0 	0 	0 	0 	0 	0 	0 	0 	0 	0 	0 	0 	0 	0 	0 	0 	0 	0 	0 	0 	0 	0 	
0 	0 	0 	0 	0 	0 	0 	0 	0 	0 	0 	0 	0 	0 	0 	0 	0 	0 	0 	0 	0 	0 	0 	0 	0 	0 	0 	0 	0 	0 	0 	0 	0 	0 	0 	0 	0 	0 	0 	0 	0 	0 	0 	0 	0 	0 	0 	0 	0 	0 	0 	0 	0 	0 	0 	0 	0 	0 	0 	0 	
0 	0 	0 	0 	0 	0 	0 	0 	0 	0 	0 	0 	0 	0 	0 	0 	0 	0 	0 	0 	0 	0 	0 	0 	0 	0 	0 	0 	0 	0 	0 	0 	0 	0 	0 	0 	0 	0 	0 	0 	0 	0 	0 	0 	0 	0 	0 	0 	0 	0 	0 	0 	0 	0 	0 	0 	0 	0 	0 	0 	
0 	0 	0 	0 	0 	0 	0 	0 	0 	0 	0 	0 	0 	0 	0 	0 	0 	0 	0 	0 	0 	0 	0 	0 	0 	0 	0 	0 	0 	0 	0 	0 	0 	0 	0 	0 	0 	0 	0 	0 	0 	0 	0 	0 	0 	0 	0 	0 	0 	0 	0 	0 	0 	0 	0 	0 	0 	0 	0 	0 	
0 	0 	0 	0 	0 	0 	0 	0 	0 	0 	0 	0 	0 	0 	0 	0 	0 	0 	0 	0 	0 	0 	0 	0 	0 	0 	0 	0 	0 	0 	0 	0 	0 	0 	0 	0 	0 	0 	0 	0 	0 	0 	0 	0 	0 	0 	0 	0 	0 	0 	0 	0 	0 	0 	0 	0 	0 	0 	0 	0 	
0 	0 	0 	0 	0 	0 	0 	0 	0 	0 	0 	0 	0 	0 	0 	0 	0 	0 	0 	0 	0 	0 	0 	0 	0 	0 	0 	0 	0 	0 	0 	0 	0 	0 	0 	0 	0 	0 	0 	0 	0 	0 	0 	0 	0 	0 	0 	0 	0 	0 	0 	0 	0 	0 	0 	0 	0 	0 	0 	0 	
0 	0 	0 	0 	0 	0 	0 	0 	0 	0 	0 	0 	0 	0 	0 	0 	0 	0 	0 	0 	0 	0 	0 	0 	0 	0 	0 	0 	0 	0 	0 	0 	0 	0 	0 	0 	0 	0 	0 	0 	0 	0 	0 	0 	0 	0 	0 	0 	0 	0 	0 	0 	0 	0 	0 	0 	0 	0 	0 	0 	
0 	0 	0 	0 	0 	0 	0 	0 	0 	0 	0 	0 	0 	0 	0 	0 	0 	0 	0 	0 	0 	0 	0 	0 	0 	0 	0 	0 	0 	0 	0 	0 	0 	0 	0 	0 	0 	0 	0 	0 	0 	0 	0 	0 	0 	0 	0 	0 	0 	0 	0 	0 	0 	0 	0 	0 	0 	0 	0 	0 	
0 	0 	0 	0 	0 	0 	0 	0 	0 	0 	0 	0 	0 	0 	0 	0 	0 	0 	0 	3 	0 	4 	1 	2 	0 	0 	0 	0 	0 	0 	0 	0 	0 	0 	0 	0 	0 	0 	0 	0 	0 	0 	0 	0 	0 	0 	0 	0 	0 	0 	0 	0 	0 	2 	7 	11 	11 	1 	0 	4 	
8 	4 	0 	2 	0 	0 	0 	0 	0 	0 	0 	0 	0 	0 	0 	0 	0 	0 	0 	0 	0 	0 	0 	0 	0 	0 	0 	0 	3 	4 	9 	8 	12 	9 	9 	13 	4 	0 	0 	0 	0 	0 	16 	12 	1 	0 	8 	13 	0 	1 	17 	6 	0 	0 	0 	0 	0 	0 	4 	15 	
15 	16 	16 	12 	0 	0 	0 	0 	0 	0 	0 	7 	12 	14 	9 	0 	6 	18 	12 	10 	8 	19 	16 	16 	11 	0 	0 	0 	0 	0 	0 	0 	0 	0 	0 	0 	0 	0 	0 	0 	0 	0 	0 	0 	0 	0 	0 	0 	0 	0 	0 	0 	0 	0 	0 	0 	0 	0 	0 	0 	
0 	0 	0 	0 	0 	0 	0 	0 	0 	0 	0 	0 	0 	0 	0 	0 	0 	0 	0 	0 	0 	0 	0 	0 	0 	0 	0 	0 	0 	0 	7 	5 	11 	12 	12 	0 	0 	14 	14 	16 	17 	17 	15 	7 	0 	11 	13 	12 	11 	14 	2 	15 	13 	12 	12 	1 	1 	0 	0 	0 	
0 	0 	0 	0 	0 	0 	0 	0 	0 	0 	0 	0 	0 	0 	0 	0 	0 	0 	0 	8 	0 	0 	0 	0 	0 	1 	0 	0 	0 	0 	0 	0 	0 	0 	0 	0 	0 	0 	0 	0 	0 	0 	0 	0 	0 	0 	0 	0 	0 	0 	11 	2 	4 	14 	2 	1 	0 	0 	0 	0 	
0 	0 	0 	0 	4 	15 	13 	13 	7 	0 	0 	0 	0 	2 	13 	12 	12 	17 	13 	15 	14 	13 	12 	15 	12 	14 	8 	6 	11 	10 	14 	11 	12 	11 	11 	14 	14 	12 	11 	10 	16 	13 	11 	2 	16 	11 	9 	2 	6 	3 	8 	1 	0 	0 	0 	0 	0 	0 	0 	0 	
0 	0 	0 	0 	0 	0 	0 	0 	0 	0 	0 	0 	0 	0 	0 	0 	0 	0 	0 	0 	0 	0 	0 	0 	0 	2 	11 	12 	10 	11 	13 	2 	0 	0 	0 	3 	19 	14 	17 	20 	21 	20 	18 	19 	20 	8 	1 	2 	1 	0 	0 	0 	4 	14 	17 	19 	14 	14 	14 	7 	
16 	18 	15 	15 	9 	13 	16 	15 	16 	13 	14 	12 	9 	11 	9 	9 	8 	15 	14 	13 	15 	6 	17 	5 	0 	0 	0 	0 	0 	6 	0 	0 	0 	0 	0 	0 	0 	0 	0 	0 	0 	0 	0 	0 	0 	0 	0 	0 	0 	0 	0 	0 	0 	0 	0 	0 	0 	0 	0 	0 	
0 	0 	0 	0 	0 	0 	5 	1 	0 	0 	0 	4 	15 	14 	16 	13 	10 	13 	9 	8 	5 	4 	0 	0 	1 	4 	1 	2 	3 	3 	3 	0 	5 	1 	2 	1 	2 	4 	1 	4 	1 	0 	0 	0 	0 	0 	0 	0 	0 	0 	0 	0 	0 	0 	0 	0 	0 	0 	0 	0 	
0 	0 	0 	1 	3 	2 	4 	0 	0 	3 	0 	0 	0 	0 	0 	0 	0 	0 	0 	0 	0 	0 	0 	0 	0 	0 	0 	0 	0 	0 	0 	6 	1 	1 	0 	0 	3 	1 	0 	3 	1 	0 	1 	1 	0 	2 	0 	0 	0 	0 	0 	0 	0 	2 	0 	0 	1 	1 	0 	1 	
1 	1 	1 	0 	0 	0 	1 	1 	0 	0 	1 	0 	0 	1 	2 	0 	1 	2 	2 	0 	1 	1 	1 	3 	1 	2 	0 	0 	0 	0 	2 	15 	19 	8 	6 	4 	4 	14 	11 	15 	10 	2 	3 	5 	9 	2 	0 	6 	6 	11 	11 	2 	2 	1 	1 	0 	0 	0 	0 	0 	
0 	1 	1 	0 	0 	0 	0 	0 	0 	0 	0 	0 	0 	0 	0 	0 	0 	0 	0 	0 	0 	0 	0 	1 	0 	0 	1 	2 	2 	1 	1 	0 	4 	2 	6 	5 	3 	7 	1 	3 	3 	0 	0 	0 	0 	0 	0 	0 	0 	0 	0 	0 	0 	0 	0 	0 	0 	0 	0 	0 	
0 	0 	0 	0 	0 	0 	0 	0 	0 	0 	0 	0 	0 	0 	0 	0 	0 	0 	0 	0 	0 	0 	0 	0 	0 	0 	0 	0 	0 	0 	0 	0 	0 	0 	0 	0 	0 	0 	0 	0 	0 	0 	0 	0 	0 	0 	0 	0 	0 	0 	0 	0 	0 	0 	0 	0 	0 	0 	0 	0 	
0 	0 	0 	0 	0 	0 	0 	0 	0 	0 	0 	0 	0 	0 	0 	0 	0 	0 	0 	0 	0 	0 	0 	0 	0 	0 	0 	0 	0 	0 	0 	0 	0 	0 	0 	0 	0 	0 	0 	0 	0 	0 	0 	0 	0 	0 	0 	0 	0 	0 	0 	0 	0 	0 	0 	0 	0 	0 	0 	0 	
0 	0 	0 	0 	0 	0 	0 	0 	0 	0 	0 	0 	0 	0 	0 	0 	0 	0 	0 	0 	0 	0 	0 	0 	0 	0 	0 	0 	0 	0 	0 	0 	0 	0 	0 	0 	0 	0 	0 	0 	0 	0 	0 	0 	0 	0 	0 	0 	0 	0 	0 	0 	0 	0 	0 	0 	0 	0 	0 	0 	
0 	0 	0 	0 	0 	0 	0 	0 	0 	0 	0 	0 	0 	0 	0 	0 	0 	0 	0 	0 	0 	0 	0 	0 	0 	0 	0 	0 	0 	0 	0 	0 	0 	0 	0 	0 	0 	0 	0 	0 	0 	0 	0 	0 	0 	0 	0 	0 	0 	0 	0 	0 	0 	0 	0 	0 	0 	0 	0 	0 	
0 	0 	0 	0 	0 	0 	0 	0 	0 	0 	0 	0 	0 	0 	0 	0 	0 	0 	0 	0 	0 	0 	0 	0 	0 	0 	0 	0 	0 	0 	0 	0 	0 	0 	0 	0 	0 	0 	0 	0 	0 	0 	0 	0 	0 	0 	0 	0 	0 	0 	0 	0 	0 	0 	0 	0 	0 	0 	0 	0 	
0 	0 	0 	0 	0 	0 	0 	0 	0 	0 	0 	0 	0 	0 	0 	0 	0 	0 	0 	0 	0 	0 	0 	0 	0 	0 	0 	0 	0 	0 	0 	0 	0 	0 	0 	0 	0 	0 	0 	0 	0 	0 	0 	0 	0 	0 	0 	0 	0 	0 	0 	0 	0 	0 	0 	0 	0 	0 	0 	0 	
0 	0 	0 	0 	0 	0 	0 	0 	0 	0 	0 	0 	0 	0 	0 	0 	0 	0 	0 	0 	0 	0 	0 	0 	0 	0 	0 	0 	0 	0 	0 	0 	0 	0 	0 	0 	0 	0 	0 	0 	0 	0 	0 	0 	0 	0 	0 	0 	0 	0 	0 	0 	0 	0 	0 	0 	0 	0 	0 	0 	
0 	0 	0 	0 	0 	0 	0 	0 	0 	0 	0 	0 	0 	0 	0 	0 	0 	0 	0 	0 	0 	0 	0 	0 	0 	0 	0 	0 	0 	0 	0 	0 	0 	0 	0 	0 	0 	0 	0 	0 	0 	0 	0 	0 	0 	0 	0 	0 	0 	0 	0 	0 	0 	0 	0 	0 	0 	0 	0 	0 	
0 	0 	0 	0 	0 	0 	0 	0 	0 	0 	0 	0 	0 	0 	0 	0 	0 	0 	0 	0 	0 	0 	0 	0 	0 	0 	0 	0 	0 	0 	0 	0 	0 	0 	0 	0 	0 	0 	0 	0 	0 	0 	0 	0 	0 	0 	0 	0 	0 	0 	0 	0 	0 	0 	0 	0 	0 	0 	0 	0 	
0 	0 	0 	0 	0 	0 	0 	0 	0 	0 	0 	0 	0 	0 	0 	0 	0 	0 	0 	0 	0 	0 	0 	0 	0 	0 	0 	0 	0 	0 	0 	0 	0 	0 	0 	0 	0 	0 	0 	0 	0 	0 	0 	0 	0 	0 	0 	0 	0 	0 	0 	0 	0 	0 	0 	0 	0 	0 	0 	0 	
0 	0 	0 	0 	0 	0 	0 	0 	0 	0 	0 	0 	0 	0 	0 	0 	0 	0 	0 	0 	0 	0 	0 	0 	0 	0 	0 	0 	0 	0 	0 	0 	0 	0 	0 	0 	0 	0 	0 	0 	0 	0 	0 	0 	0 	0 	0 	0 	0 	0 	0 	0 	0 	0 	0 	0 	0 	0 	0 	0 	
0 	0 	0 	0 	0 	0 	0 	0 	0 	0 	0 	0 	0 	0 	0 	0 	0 	0 	0 	0 	0 	0 	0 	0 	0 	0 	0 	0 	0 	0 	0 	0 	0 	0 	0 	0 	0 	0 	0 	0 	0 	0 	0 	0 	0 	0 	0 	0 	0 	0 	0 	0 	0 	0 	0 	0 	0 	0 	0 	0 	
0 	0 	0 	0 	0 	0 	0 	0 	0 	0 	2 	0 	2 	0 	0 	0 	0 	0 	0 	0 	0 	1 	1 	1 	0 	2 	0 	0 	0 	0 	0 	0 	0 	0 	0 	0 	0 	2 	3 	7 	1 	2 	0 	0 	7 	4 	0 	2 	1 	1 	0 	0 	0 	2 	3 	5 	5 	3 	4 	1 	
0 	0 	0 	0 	0 	0 	2 	0 	0 	1 	1 	1 	0 	2 	1 	3 	0 	0 	0 	0 	0 	0 	0 	10 	4 	3 	2 	2 	2 	0 	0 	0 	0 	0 	0 	0 	0 	0 	0 	0 	0 	0 	0 	0 	0 	0 	0 	1 	0 	0 	0 	0 	0 	0 	0 	0 	0 	3 	0 	1 	
1 	2 	0 	0 	0 	0 	0 	0 	3 	4 	5 	2 	1 	0 	3 	0 	0 	0 	0 	0 	0 	0 	4 	0 	0 	0 	0 	0 	1 	0 	0 	0 	0 	0 	0 	3 	3 	4 	2 	1 	0 	0 	0 	0 	6 	2 	0 	0 	0 	0 	0 	0 	0 	0 	0 	2 	2 	8 	1 	6 	
1 	0 	0 	0 	0 	0 	0 	0 	0 	0 	0 	0 	0 	2 	3 	7 	7 	4 	5 	4 	2 	0 	0 	0 	0 	0 	0 	0 	0 	0 	0 	0 	0 	0 	0 	0 	0 	0 	0 	2 	2 	4 	4 	7 	3 	0 	0 	0 	0 	0 	0 	0 	6 	4 	3 	4 	6 	5 	1 	0 	
0 	0 	0 	0 	0 	0 	0 	0 	0 	3 	4 	0 	0 	0 	0 	2 	0 	0 	0 	0 	0 	5 	2 	0 	0 	0 	0 	0 	0 	0 	0 	0 	0 	5 	4 	5 	4 	6 	0 	0 	0 	0 	0 	0 	0 	0 	0 	0 	0 	0 	0 	3 	5 	5 	4 	6 	0 	0 	2 	0 	
0 	0 	9 	5 	7 	7 	5 	5 	4 	2 	3 	2 	5 	1 	5 	5 	4 	4 	2 	2 	0 	0 	0 	4 	6 	4 	5 	5 	2 	4 	2 	2 	2 	1 	2 	3 	0 	0 	1 	0 	0 	0 	0 	0 	0 	0 	0 	0 	0 	0 	0 	0 	0 	0 	0 	0 	0 	0 	0 	1 	
0 	2 	4 	4 	1 	0 	0 	0 	0 	0 	0 	9 	8 	10 	6 	5 	7 	4 	0 	5 	3 	6 	7 	4 	3 	2 	4 	2 	3 	0 	1 	0 	1 	1 	1 	0 	0 	2 	3 	2 	4 	1 	1 	4 	1 	1 	0 	1 	1 	2 	1 	3 	0 	0 	0 	0 	0 	0 	5 	3 	
4 	4 	3 	0 	2 	1 	1 	0 	2 	1 	0 	1 	0 	0 	0 	3 	0 	0 	0 	1 	0 	1 	4 	2 	0 	0 	2 	0 	0 	0 	0 	0 	0 	0 	0 	0 	0 	0 	0 	0 	4 	4 	1 	0 	0 	2 	0 	0 	0 	2 	0 	1 	1 	2 	2 	3 	0 	1 	2 	0 	
0 	3 	0 	2 	0 	0 	0 	0 	1 	0 	0 	1 	0 	1 	1 	0 	0 	0 	0 	0 	0 	1 	0 	0 	0 	1 	0 	1 	0 	0 	0 	0 	1 	1 	0 	0 	0 	1 	1 	0 	1 	0 	0 	0 	0 	0 	0 	0 	0 	0 	2 	6 	1 	1 	0 	0 	1 	0 	1 	3 	
0 	0 	0 	1 	0 	1 	1 	0 	1 	2 	0 	1 	1 	0 	1 	2 	0 	1 	1 	1 	0 	2 	2 	0 	0 	1 	0 	0 	0 	0 	1 	0 	0 	0 	2 	0 	1 	0 	0 	1 	2 	0 	1 	1 	0 	3 	1 	0 	0 	0 	0 	0 	0 	0 	0 	0 	0 	0 	0 	0 	
0 	0 	0 	0 	3 	0 	1 	1 	1 	2 	2 	3 	2 	1 	2 	2 	4 	0 	0 	0 	0 	0 	0 	0 	0 	0 	0 	0 	1 	1 	2 	0 	2 	15 	9 	0 	1 	0 	3 	2 	4 	1 	1 	1 	5 	6 	11 	10 	4 	0 	3 	1 	0 	0 	0 	0 	3 	0 	0 	0 	
0 	0 	0 	0 	0 	0 	0 	0 	0 	0 	0 	0 	1 	1 	1 	0 	0 	0 	0 	0 	0 	0 	2 	0 	0 	0 	0 	0 	0 	0 	0 	0 	0 	0 	0 	0 	0 	0 	0 	0 	0 	0 	0 	0 	0 	0 	0 	0 	0 	0 	0 	0 	0 	0 	0 	0 	0 	0 	0 	0 	
0 	0 	0 	0 	0 	0 	0 	0 	0 	0 	0 	0 	0 	0 	0 	0 	0 	0 	0 	0 	0 	0 	0 	0 	0 	0 	0 	0 	0 	0 	0 	0 	0 	0 	0 	0 	0 	0 	0 	0 	0 	0 	0 	0 	0 	0 	0 	0 	0 	0 	0 	0 	0 	0 	0 	0 	0 	0 	0 	0 	
0 	0 	0 	0 	0 	0 	0 	0 	0 	0 	0 	0 	0 	0 	0 	0 	0 	0 	0 	0 	0 	0 	0 	0 	0 	0 	0 	0 	0 	0 	0 	0 	0 	0 	0 	0 	0 	0 	0 	0 	0 	0 	0 	0 	0 	0 	0 	0 	0 	0 	0 	0 	0 	0 	0 	0 	0 	0 	0 	0 	
0 	0 	0 	0 	0 	0 	0 	0 	0 	0 	0 	0 	0 	0 	0 	0 	0 	0 	0 	0 	0 	0 	0 	0 	0 	0 	0 	0 	0 	0 	0 	0 	0 	0 	0 	0 	0 	0 	0 	0 	0 	0 	0 	0 	0 	0 	0 	0 	0 	0 	0 	0 	0 	0 	0 	0 	0 	0 	0 	0 	
0 	0 	0 	0 	0 	0 	0 	0 	0 	0 	0 	0 	0 	0 	0 	0 	0 	0 	0 	0 	0 	0 	0 	0 	0 	0 	0 	0 	0 	0 	0 	0 	0 	0 	0 	0 	0 	0 	0 	0 	0 	0 	0 	0 	0 	0 	0 	0 	0 	0 	0 	0 	0 	0 	0 	0 	0 	0 	0 	0 	
0 	0 	0 	0 	0 	0 	0 	0 	0 	0 	0 	0 	0 	0 	0 	0 	0 	0 	0 	0 	0 	0 	0 	0 	0 	0 	0 	0 	0 	0 	0 	0 	0 	0 	0 	0 	0 	0 	0 	0 	0 	0 	0 	0 	0 	0 	0 	0 	0 	0 	0 	0 	0 	0 	0 	0 	0 	0 	0 	0 	
0 	0 	0 	0 	0 	0 	0 	0 	0 	0 	0 	0 	0 	0 	0 	0 	0 	0 	0 	0 	0 	0 	0 	0 	0 	0 	0 	0 	0 	0 	0 	0 	0 	0 	0 	0 	0 	0 	0 	0 	0 	0 	0 	0 	0 	0 	0 	0 	0 	0 	0 	0 	0 	0 	0 	0 	0 	0 	0 	0 	
0 	0 	0 	0 	0 	0 	0 	0 	0 	0 	0 	0 	0 	0 	0 	0 	0 	0 	0 	0 	0 	0 	0 	0 	0 	0 	0 	0 	0 	0 	0 	0 	0 	0 	0 	0 	0 	0 	0 	0 	0 	0 	0 	0 	0 	0 	0 	0 	0 	0 	0 	0 	0 	0 	0 	0 	0 	0 	0 	0 	
0 	0 	0 	0 	0 	0 	0 	0 	0 	0 	0 	0 	0 	0 	0 	0 	0 	0 	0 	0 	0 	0 	0 	0 	0 	0 	0 	0 	0 	0 	0 	0 	0 	0 	0 	0 	0 	0 	0 	0 	0 	0 	0 	0 	0 	0 	0 	0 	0 	0 	0 	0 	0 	0 	0 	0 	0 	0 	0 	0 	
0 	0 	0 	0 	0 	0 	0 	0 	0 	0 	0 	0 	0 	0 	0 	0 	0 	0 	0 	0 	0 	0 	0 	0 	0 	0 	0 	0 	0 	0 	0 	0 	0 	0 	0 	0 	0 	0 	0 	0 	0 	0 	0 	0 	0 	0 	0 	0 	0 	0 	0 	0 	0 	0 	0 	0 	0 	0 	0 	0 	
0 	0 	0 	0 	0 	0 	0 	0 	0 	0 	0 	0 	0 	0 	0 	0 	0 	0 	0 	0 	0 	0 	0 	0 	0 	0 	0 	0 	0 	0 	0 	0 	0 	0 	0 	0 	0 	0 	0 	0 	0 	0 	0 	0 	0 	0 	0 	0 	0 	0 	0 	0 	0 	0 	0 	0 	0 	0 	0 	0 	
0 	0 	0 	0 	0 	0 	0 	0 	0 	0 	0 	0 	0 	0 	0 	0 	0 	0 	0 	0 	0 	0 	0 	0 	0 	0 	0 	0 	0 	0 	0 	0 	0 	0 	0 	0 	0 	0 	0 	0 	0 	0 	0 	0 	0 	0 	0 	0 	0 	0 	0 	0 	0 	0 	0 	0 	0 	0 	0 	0 	
0 	0 	0 	0 	0 	0 	0 	0 	0 	0 	0 	0 	0 	0 	0 	0 	0 	0 	0 	0 	0 	0 	0 	0 	0 	0 	0 	0 	0 	0 	0 	0 	0 	0 	0 	0 	0 	0 	0 	0 	0 	0 	0 	0 	0 	0 	0 	0 	0 	0 	0 	0 	0 	0 	0 	0 	0 	0 	0 	0 	
0 	0 	0 	0 	0 	0 	0 	1 	4 	0 	0 	0 	0 	0 	0 	0 	0 	0 	0 	0 	0 	0 	0 	0 	0 	0 	0 	0 	0 	1 	2 	0 	0 	0 	0 	0 	0 	0 	0 	0 	0 	0 	1 	2 	1 	3 	1 	3 	0 	0 	0 	0 	1 	1 	0 	0 	0 	0 	0 	0 	
0 	0 	0 	9 	6 	4 	0 	0 	0 	0 	0 	0 	0 	0 	0 	0 	0 	0 	0 	0 	6 	6 	8 	10 	0 	0 	0 	0 	0 	0 	0 	0 	6 	7 	6 	0 	0 	0 	0 	0 	0 	6 	6 	0 	0 	1 	9 	13 	12 	12 	1 	0 	0 	0 	0 	0 	10 	0 	0 	0 	
1 	3 	0 	0 	3 	7 	0 	3 	0 	0 	0 	0 	0 	0 	0 	0 	0 	0 	0 	0 	0 	0 	0 	0 	0 	0 	0 	0 	0 	0 	0 	0 	0 	3 	10 	4 	0 	3 	0 	0 	0 	0 	0 	0 	0 	0 	0 	0 	0 	0 	0 	0 	0 	0 	0 	0 	0 	0 	0 	0 	
0 	0 	0 	0 	0 	0 	0 	0 	0 	0 	0 	0 	0 	0 	0 	0 	0 	0 	0 	0 	0 	0 	0 	0 	0 	11 	14 	17 	2 	0 	0 	29 	22 	11 	7 	1 	0 	0 	15 	3 	12 	22 	9 	0 	0 	0 	0 	0 	0 	0 	0 	0 	0 	0 	0 	0 	0 	0 	0 	0 	
0 	0 	0 	0 	0 	0 	0 	0 	0 	0 	0 	0 	0 	0 	0 	0 	0 	0 	0 	0 	0 	0 	0 	0 	0 	0 	0 	0 	0 	0 	0 	0 	0 	0 	0 	0 	0 	0 	0 	0 	0 	0 	16 	17 	19 	9 	1 	0 	0 	0 	0 	0 	0 	12 	14 	17 	11 	17 	12 	11 	
16 	14 	24 	22 	22 	21 	16 	18 	18 	14 	10 	14 	12 	7 	6 	1 	0 	0 	0 	0 	0 	0 	0 	0 	0 	0 	0 	0 	0 	0 	0 	0 	0 	0 	0 	0 	0 	0 	0 	0 	0 	0 	0 	9 	5 	0 	0 	0 	0 	0 	0 	17 	17 	11 	0 	0 	0 	0 	0 	0 	
0 	4 	13 	14 	14 	13 	13 	6 	8 	12 	10 	5 	6 	9 	3 	8 	4 	3 	0 	0 	0 	0 	0 	0 	0 	0 	0 	0 	0 	0 	0 	0 	0 	0 	0 	0 	0 	0 	0 	6 	6 	7 	3 	2 	2 	3 	0 	6 	3 	2 	0 	0 	0 	0 	0 	0 	0 	0 	0 	5 	
4 	8 	7 	0 	0 	0 	0 	0 	0 	0 	0 	0 	0 	0 	0 	0 	0 	0 	15 	7 	5 	3 	7 	4 	2 	1 	0 	0 	0 	0 	0 	5 	0 	1 	3 	2 	0 	3 	2 	4 	0 	4 	0 	3 	2 	1 	1 	1 	0 	2 	0 	0 	2 	1 	0 	0 	0 	0 	0 	0 	
0 	2 	2 	0 	0 	0 	0 	0 	0 	1 	0 	0 	1 	1 	0 	0 	0 	0 	0 	0 	0 	0 	2 	1 	0 	1 	2 	2 	2 	0 	2 	2 	2 	1 	1 	0 	1 	0 	0 	0 	0 	0 	0 	0 	0 	0 	0 	1 	0 	0 	0 	0 	2 	1 	0 	2 	0 	1 	4 	0 	
0 	0 	0 	1 	0 	1 	0 	0 	2 	0 	1 	1 	1 	1 	1 	2 	2 	0 	0 	0 	0 	0 	0 	0 	0 	0 	3 	0 	2 	1 	2 	3 	2 	2 	1 	4 	3 	2 	0 	3 	3 	0 	2 	2 	0 	0 	0 	1 	1 	2 	2 	2 	3 	2 	2 	1 	1 	2 	3 	1 	
1 	0 	0 	0 	0 	0 	0 	0 	0 	0 	3 	3 	4 	0 	2 	1 	2 	4 	3 	1 	1 	0 	0 	0 	0 	0 	0 	0 	0 	1 	1 	3 	14 	11 	6 	4 	11 	7 	7 	9 	9 	7 	14 	6 	6 	2 	0 	0 	0 	0 	0 	0 	0 	1 	0 	0 	0 	0 	0 	1 	
0 	0 	0 	0 	0 	0 	0 	1 	10 	0 	0 	0 	0 	0 	0 	0 	0 	0 	0 	3 	5 	1 	0 	0 	0 	0 	10 	10 	10 	1 	0 	1 	0 	0 	0 	0 	0 	0 	0 	0 	0 	0 	0 	0 	0 	0 	0 	0 	0 	0 	0 	0 	0 	2 	0 	1 	1 	0 	0 	0 	
1 	0 	0 	0 	0 	0 	0 	0 	0 	0 	0 	0 	0 	0 	0 	0 	0 	0 	0 	0 	0 	0 	0 	0 	0 	0 	0 	0 	0 	0 	0 	0 	0 	0 	0 	0 	0 	0 	0 	0 	0 	0 	0 	0 	0 	0 	0 	0 	0 	0 	0 	0 	0 	0 	0 	0 	0 	0 	0 	0 	
0 	0 	0 	0 	0 	0 	0 	0 	0 	0 	0 	0 	0 	0 	0 	0 	0 	0 	0 	0 	0 	0 	0 	0 	0 	0 	0 	0 	0 	0 	0 	0 	0 	0 	0 	0 	0 	0 	0 	0 	0 	0 	0 	0 	0 	0 	0 	0 	0 	0 	0 	0 	0 	0 	0 	0 	0 	0 	0 	0 	
0 	0 	0 	0 	0 	0 	0 	0 	0 	0 	0 	0 	0 	0 	0 	0 	0 	0 	0 	0 	0 	0 	0 	0 	0 	0 	0 	0 	0 	0 	0 	0 	0 	0 	0 	0 	0 	0 	0 	0 	0 	0 	0 	0 	0 	0 	0 	0 	0 	0 	0 	0 	0 	0 	0 	0 	0 	0 	0 	0 	
0 	0 	0 	0 	0 	0 	0 	0 	0 	0 	0 	0 	0 	0 	0 	0 	0 	0 	0 	0 	0 	0 	0 	0 	0 	0 	0 	0 	0 	0 	0 	0 	0 	0 	0 	0 	0 	0 	0 	0 	0 	0 	0 	0 	0 	0 	0 	0 	0 	0 	0 	0 	0 	0 	0 	0 	0 	0 	0 	0 	
0 	0 	0 	0 	0 	0 	0 	0 	0 	0 	0 	0 	0 	0 	0 	0 	0 	0 	0 	0 	0 	0 	0 	0 	0 	0 	0 	0 	0 	0 	0 	0 	0 	0 	0 	0 	0 	0 	0 	0 	0 	0 	0 	0 	0 	0 	0 	0 	0 	0 	0 	0 	0 	0 	0 	0 	0 	0 	0 	0 	
0 	0 	0 	0 	0 	0 	0 	0 	0 	0 	0 	0 	0 	0 	0 	0 	0 	0 	0 	0 	0 	0 	0 	0 	0 	0 	0 	0 	0 	0 	0 	0 	0 	0 	0 	0 	0 	0 	0 	0 	0 	0 	0 	0 	0 	0 	0 	0 	0 	0 	0 	0 	0 	0 	0 	0 	0 	0 	0 	0 	
0 	0 	0 	0 	0 	0 	0 	0 	0 	0 	0 	0 	0 	0 	0 	0 	0 	0 	0 	0 	0 	0 	0 	0 	0 	0 	0 	0 	0 	0 	0 	0 	0 	0 	0 	0 	0 	0 	0 	0 	0 	0 	0 	0 	0 	0 	0 	0 	0 	0 	0 	0 	0 	0 	0 	0 	0 	0 	0 	0 	
0 	0 	0 	0 	0 	0 	0 	0 	0 	0 	0 	0 	0 	0 	0 	0 	0 	0 	0 	0 	0 	0 	0 	0 	0 	0 	0 	0 	0 	0 	0 	0 	0 	0 	0 	0 	0 	0 	0 	0 	0 	0 	0 	0 	0 	0 	0 	0 	0 	0 	0 	0 	0 	0 	0 	0 	0 	0 	0 	0 	
0 	0 	0 	0 	0 	0 	0 	0 	0 	0 	0 	0 	0 	0 	0 	0 	0 	0 	0 	0 	0 	0 	0 	0 	0 	0 	0 	0 	0 	0 	0 	0 	0 	0 	0 	0 	0 	0 	0 	0 	0 	0 	0 	0 	0 	0 	0 	0 	0 	0 	0 	0 	0 	0 	0 	0 	0 	0 	0 	0 	
0 	0 	0 	0 	0 	0 	0 	0 	0 	0 	0 	0 	0 	0 	0 	0 	0 	0 	0 	0 	0 	0 	0 	0 	0 	0 	0 	0 	0 	0 	0 	0 	0 	0 	0 	0 	0 	0 	0 	0 	0 	0 	0 	0 	0 	0 	0 	0 	0 	0 	0 	0 	0 	0 	0 	0 	0 	0 	0 	0 	
0 	0 	0 	0 	0 	0 	0 	0 	0 	0 	0 	0 	0 	0 	0 	0 	0 	0 	0 	0 	0 	0 	0 	0 	0 	0 	0 	0 	0 	0 	0 	0 	0 	0 	0 	0 	0 	0 	0 	0 	0 	0 	0 	0 	0 	0 	0 	0 	0 	0 	0 	0 	0 	0 	0 	0 	0 	0 	0 	0 	
0 	0 	0 	0 	0 	0 	0 	0 	0 	0 	0 	0 	0 	0 	0 	0 	0 	0 	0 	0 	0 	0 	0 	0 	0 	0 	0 	0 	0 	0 	0 	0 	0 	0 	0 	0 	0 	0 	0 	0 	0 	0 	0 	0 	0 	0 	0 	0 	0 	0 	0 	0 	0 	0 	0 	0 	0 	0 	0 	0 	
0 	0 	0 	0 	0 	0 	0 	0 	0 	0 	1 	4 	1 	1 	1 	2 	0 	0 	0 	1 	0 	0 	0 	0 	0 	0 	1 	0 	1 	4 	1 	5 	5 	0 	0 	0 	0 	0 	0 	0 	0 	0 	0 	0 	0 	0 	12 	2 	0 	0 	0 	0 	0 	0 	0 	0 	0 	13 	11 	11 	
0 	0 	0 	0 	0 	0 	0 	0 	5 	7 	6 	4 	0 	0 	0 	10 	8 	2 	0 	0 	0 	0 	0 	0 	0 	0 	0 	0 	0 	0 	0 	0 	2 	12 	8 	16 	3 	1 	0 	0 	0 	0 	0 	0 	4 	7 	6 	4 	0 	0 	0 	0 	0 	17 	5 	1 	0 	0 	0 	0 	
0 	0 	0 	0 	0 	0 	4 	3 	5 	1 	0 	0 	0 	0 	0 	0 	0 	5 	0 	0 	4 	3 	5 	3 	5 	2 	2 	1 	0 	0 	0 	0 	1 	1 	0 	0 	0 	0 	0 	0 	0 	0 	0 	0 	0 	0 	0 	0 	0 	0 	0 	0 	0 	0 	0 	0 	0 	0 	0 	0 	
0 	0 	0 	0 	0 	2 	0 	0 	1 	0 	6 	1 	1 	2 	1 	0 	0 	0 	0 	5 	2 	0 	3 	0 	0 	0 	0 	0 	0 	0 	0 	0 	0 	0 	0 	0 	13 	1 	13 	6 	0 	0 	0 	20 	14 	5 	13 	14 	7 	0 	0 	0 	0 	0 	0 	0 	0 	3 	2 	6 	
3 	0 	0 	0 	0 	0 	0 	0 	0 	0 	0 	0 	0 	0 	0 	0 	0 	3 	1 	2 	1 	3 	3 	1 	5 	1 	0 	2 	2 	2 	1 	2 	2 	2 	1 	2 	1 	0 	0 	0 	0 	2 	0 	1 	1 	0 	0 	0 	0 	0 	0 	0 	0 	0 	0 	6 	15 	7 	0 	0 	
0 	0 	0 	0 	0 	0 	0 	0 	0 	0 	0 	0 	0 	0 	0 	0 	0 	0 	0 	0 	0 	0 	0 	0 	0 	0 	0 	0 	0 	0 	11 	12 	6 	3 	2 	0 	2 	0 	1 	0 	0 	0 	7 	0 	2 	1 	3 	0 	1 	0 	0 	0 	1 	0 	0 	1 	1 	1 	1 	0 	
0 	0 	0 	0 	3 	0 	1 	1 	1 	1 	0 	2 	1 	0 	0 	0 	0 	0 	0 	1 	0 	0 	0 	10 	3 	4 	2 	1 	0 	0 	0 	0 	0 	2 	1 	1 	2 	3 	0 	1 	0 	0 	0 	0 	0 	4 	2 	0 	3 	3 	0 	2 	2 	0 	0 	0 	0 	0 	0 	0 	
2 	1 	0 	0 	0 	0 	0 	0 	1 	1 	0 	0 	0 	0 	2 	3 	3 	1 	0 	0 	0 	0 	0 	0 	0 	0 	2 	0 	2 	0 	1 	0 	4 	1 	0 	1 	0 	2 	1 	1 	0 	1 	0 	1 	0 	0 	0 	0 	1 	0 	0 	2 	1 	1 	0 	1 	3 	1 	4 	1 	
0 	0 	0 	0 	1 	3 	0 	2 	1 	1 	1 	0 	0 	0 	0 	0 	0 	0 	0 	0 	1 	0 	0 	2 	3 	1 	3 	3 	1 	0 	0 	0 	0 	0 	0 	0 	0 	0 	0 	0 	0 	2 	1 	1 	0 	2 	0 	2 	2 	1 	3 	1 	0 	0 	0 	0 	0 	0 	0 	0 	
0 	0 	1 	0 	0 	0 	0 	1 	1 	0 	0 	0 	0 	0 	0 	0 	1 	0 	0 	0 	0 	0 	0 	0 	0 	0 	0 	0 	0 	2 	1 	0 	1 	2 	3 	1 	3 	1 	0 	0 	0 	0 	0 	0 	0 	0 	0 	0 	0 	0 	1 	1 	2 	1 	0 	0 	0 	0 	0 	0 	
2 	3 	1 	0 	0 	0 	0 	0 	0 	0 	0 	0 	0 	0 	0 	0 	0 	0 	0 	1 	0 	0 	0 	0 	0 	0 	0 	0 	0 	0 	6 	9 	19 	13 	10 	6 	12 	10 	1 	12 	17 	12 	8 	13 	7 	6 	4 	8 	2 	4 	5 	9 	8 	3 	0 	0 	0 	0 	0 	3 	
4 	1 	0 	0 	0 	0 	0 	0 	0 	0 	0 	1 	0 	0 	0 	5 	1 	0 	1 	1 	0 	0 	0 	1 	0 	0 	0 	1 	0 	0 	0 	0 	4 	1 	0 	1 	5 	5 	0 	0 	0 	0 	0 	5 	4 	2 	0 	2 	3 	1 	3 	0 	3 	6 	2 	1 	0 	2 	3 	0 	
0 	0 	0 	0 	0 	0 	1 	0 	0 	0 	0 	0 	0 	0 	0 	0 	0 	0 	0 	0 	0 	0 	0 	0 	0 	0 	0 	0 	0 	0 	0 	0 	0 	0 	0 	0 	0 	0 	0 	0 	0 	0 	0 	0 	0 	0 	0 	0 	0 	0 	0 	0 	0 	0 	0 	0 	0 	0 	0 	0 	
0 	0 	0 	0 	0 	0 	0 	0 	0 	0 	0 	0 	0 	0 	0 	0 	0 	0 	0 	0 	0 	0 	0 	0 	0 	0 	0 	0 	0 	0 	0 	0 	0 	0 	0 	0 	0 	0 	0 	0 	0 	0 	0 	0 	0 	0 	0 	0 	0 	0 	0 	0 	0 	0 	0 	0 	0 	0 	0 	0 	
0 	0 	0 	0 	0 	0 	0 	0 	0 	0 	0 	0 	0 	0 	0 	0 	0 	0 	0 	0 	0 	0 	0 	0 	0 	0 	0 	0 	0 	0 	0 	0 	0 	0 	0 	0 	0 	0 	0 	0 	0 	0 	0 	0 	0 	0 	0 	0 	0 	0 	0 	0 	0 	0 	0 	0 	0 	0 	0 	0 	
0 	0 	0 	0 	0 	0 	0 	0 	0 	0 	0 	0 	0 	0 	0 	0 	0 	0 	0 	0 	0 	0 	0 	0 	0 	0 	0 	0 	0 	0 	0 	0 	0 	0 	0 	0 	0 	0 	0 	0 	0 	0 	0 	0 	0 	0 	0 	0 	0 	0 	0 	0 	0 	0 	0 	0 	0 	0 	0 	0 	
0 	0 	0 	0 	0 	0 	0 	0 	0 	0 	0 	0 	0 	0 	0 	0 	0 	0 	0 	0 	0 	0 	0 	0 	0 	0 	0 	0 	0 	0 	0 	0 	0 	0 	0 	0 	0 	0 	0 	0 	0 	0 	0 	0 	0 	0 	0 	0 	0 	0 	0 	0 	0 	0 	0 	0 	0 	0 	0 	0 	
0 	0 	0 	0 	0 	0 	0 	0 	0 	0 	0 	0 	0 	0 	0 	0 	0 	0 	0 	0 	0 	0 	0 	0 	0 	0 	0 	0 	0 	0 	0 	0 	0 	0 	0 	0 	0 	0 	0 	0 	0 	0 	0 	0 	0 	0 	0 	0 	0 	0 	0 	0 	0 	0 	0 	0 	0 	0 	0 	0 	
0 	0 	0 	0 	0 	0 	0 	0 	0 	0 	0 	0 	0 	0 	0 	0 	0 	0 	0 	0 	0 	0 	0 	0 	0 	0 	0 	0 	0 	0 	0 	0 	0 	0 	0 	0 	0 	0 	0 	0 	0 	0 	0 	0 	0 	0 	0 	0 	0 	0 	0 	0 	0 	0 	0 	0 	0 	0 	0 	0 	
0 	0 	0 	0 	0 	0 	0 	0 	0 	0 	0 	0 	0 	0 	0 	0 	0 	0 	0 	0 	0 	0 	0 	0 	0 	0 	0 	0 	0 	0 	0 	0 	0 	0 	0 	0 	0 	0 	0 	0 	0 	0 	0 	0 	0 	0 	0 	0 	0 	0 	0 	0 	0 	0 	0 	0 	0 	0 	0 	0 	
0 	0 	0 	0 	0 	0 	0 	0 	0 	0 	0 	0 	0 	0 	0 	0 	0 	0 	0 	0 	0 	0 	0 	0 	0 	0 	0 	0 	0 	0 	0 	0 	0 	0 	0 	0 	0 	0 	0 	0 	0 	0 	0 	0 	0 	0 	0 	0 	0 	0 	0 	0 	0 	0 	0 	0 	0 	0 	0 	0 	
0 	0 	0 	0 	0 	0 	0 	0 	0 	0 	0 	0 	0 	0 	0 	0 	0 	0 	0 	0 	0 	0 	0 	0 	0 	0 	0 	0 	0 	0 	0 	0 	0 	0 	0 	0 	0 	0 	0 	0 	0 	0 	0 	0 	0 	0 	0 	0 	0 	0 	0 	0 	0 	0 	0 	0 	0 	0 	0 	0 	
0 	0 	0 	0 	0 	0 	0 	0 	0 	0 	0 	0 	0 	0 	0 	0 	0 	0 	0 	0 	0 	0 	0 	0 	0 	0 	0 	0 	0 	0 	0 	0 	0 	0 	0 	0 	0 	0 	0 	0 	0 	0 	0 	0 	0 	0 	0 	0 	0 	0 	0 	0 	0 	0 	0 	0 	0 	0 	0 	0 	
0 	0 	0 	0 	0 	0 	0 	0 	0 	0 	0 	0 	0 	0 	0 	0 	0 	0 	0 	0 	0 	0 	0 	0 	0 	0 	0 	0 	0 	0 	0 	0 	0 	0 	0 	0 	0 	0 	0 	0 	0 	0 	0 	0 	0 	0 	0 	0 	0 	0 	0 	0 	0 	0 	0 	0 	0 	0 	0 	0 	
0 	0 	0 	0 	0 	1 	1 	0 	0 	1 	0 	0 	0 	0 	0 	0 	0 	0 	0 	0 	2 	1 	0 	0 	0 	0 	0 	0 	0 	0 	0 	0 	0 	0 	0 	0 	0 	0 	0 	0 	0 	0 	0 	0 	0 	0 	0 	0 	0 	0 	0 	0 	0 	1 	1 	1 	0 	0 	0 	0 	
0 	0 	0 	0 	0 	0 	5 	7 	9 	0 	0 	0 	5 	2 	0 	4 	0 	2 	6 	10 	0 	0 	0 	0 	6 	1 	0 	0 	0 	0 	0 	0 	0 	0 	0 	0 	0 	0 	0 	12 	7 	0 	0 	12 	0 	0 	6 	0 	0 	0 	0 	0 	13 	18 	9 	0 	0 	11 	7 	2 	
10 	11 	9 	0 	12 	0 	1 	0 	0 	0 	0 	0 	0 	0 	0 	0 	9 	7 	6 	1 	0 	0 	0 	0 	0 	0 	0 	0 	0 	0 	0 	0 	0 	0 	0 	0 	0 	0 	0 	0 	0 	0 	0 	5 	3 	0 	0 	0 	0 	7 	4 	7 	10 	2 	0 	0 	0 	0 	0 	0 	
0 	14 	1 	0 	0 	0 	9 	7 	0 	0 	0 	0 	0 	0 	4 	13 	0 	11 	0 	5 	2 	4 	0 	0 	11 	0 	0 	0 	0 	10 	0 	0 	0 	0 	0 	11 	1 	2 	1 	1 	0 	0 	0 	0 	0 	0 	0 	4 	6 	1 	1 	4 	2 	3 	3 	3 	1 	0 	0 	0 	
0 	0 	0 	0 	0 	0 	0 	0 	0 	0 	0 	0 	0 	0 	0 	0 	0 	0 	0 	0 	0 	0 	0 	0 	0 	9 	3 	0 	0 	0 	0 	0 	0 	0 	0 	0 	0 	0 	12 	18 	10 	9 	4 	19 	9 	9 	7 	0 	0 	0 	0 	0 	0 	0 	0 	0 	0 	0 	0 	7 	
16 	12 	10 	10 	7 	0 	0 	0 	0 	0 	0 	0 	0 	0 	0 	0 	0 	0 	0 	0 	0 	0 	0 	0 	0 	0 	0 	0 	0 	0 	0 	0 	0 	0 	0 	0 	0 	0 	0 	0 	0 	0 	0 	0 	0 	3 	8 	3 	4 	6 	4 	2 	3 	2 	1 	0 	0 	0 	0 	0 	
0 	0 	0 	0 	0 	0 	0 	0 	0 	0 	0 	0 	0 	0 	0 	0 	0 	0 	2 	10 	0 	1 	6 	11 	16 	17 	4 	8 	0 	0 	0 	0 	0 	0 	7 	10 	4 	0 	0 	0 	0 	2 	5 	3 	6 	3 	2 	2 	1 	1 	1 	2 	0 	0 	0 	0 	0 	0 	0 	3 	
3 	0 	2 	0 	0 	0 	0 	0 	8 	2 	0 	0 	0 	0 	10 	8 	0 	0 	0 	1 	0 	3 	12 	0 	0 	0 	0 	0 	0 	0 	0 	0 	0 	0 	0 	0 	0 	0 	0 	0 	0 	0 	0 	0 	0 	0 	0 	0 	0 	0 	0 	0 	0 	12 	10 	0 	0 	0 	0 	0 	
0 	0 	0 	6 	4 	2 	0 	1 	0 	0 	1 	2 	0 	1 	2 	2 	2 	2 	2 	1 	0 	1 	2 	0 	3 	0 	1 	0 	0 	0 	0 	0 	0 	0 	0 	4 	6 	2 	0 	0 	0 	0 	0 	0 	0 	0 	0 	0 	0 	0 	0 	0 	1 	0 	0 	0 	0 	0 	0 	0 	
0 	0 	0 	0 	1 	5 	1 	2 	2 	1 	3 	5 	6 	2 	8 	3 	4 	0 	0 	0 	0 	0 	0 	0 	0 	0 	0 	0 	0 	0 	2 	3 	4 	6 	8 	3 	4 	11 	1 	3 	3 	4 	5 	3 	3 	2 	3 	6 	4 	4 	6 	3 	2 	0 	0 	0 	0 	0 	0 	0 	
2 	3 	5 	5 	5 	6 	7 	8 	1 	0 	0 	0 	8 	4 	6 	7 	2 	5 	13 	15 	11 	8 	0 	0 	0 	0 	0 	0 	0 	0 	0 	0 	0 	1 	16 	14 	18 	13 	11 	17 	15 	15 	15 	12 	21 	17 	9 	16 	15 	12 	11 	9 	14 	20 	11 	0 	1 	11 	0 	0 	
0 	0 	0 	0 	1 	0 	0 	0 	0 	0 	12 	1 	0 	0 	0 	1 	0 	0 	0 	0 	0 	1 	0 	0 	0 	0 	0 	0 	0 	0 	1 	0 	0 	0 	0 	0 	0 	0 	1 	1 	0 	0 	0 	0 	0 	0 	0 	0 	0 	0 	0 	0 	0 	0 	0 	0 	0 	0 	0 	0 	
0 	0 	0 	1 	0 	0 	0 	0 	0 	0 	0 	0 	0 	0 	0 	0 	0 	0 	0 	0 	0 	0 	0 	0 	0 	0 	0 	0 	0 	0 	0 	0 	0 	0 	0 	0 	0 	0 	0 	0 	0 	0 	0 	0 	0 	0 	0 	0 	0 	0 	0 	0 	0 	0 	0 	0 	0 	0 	0 	0 	
0 	0 	0 	0 	0 	0 	0 	0 	0 	0 	0 	0 	0 	0 	0 	0 	0 	0 	0 	0 	0 	0 	0 	0 	0 	0 	0 	0 	0 	0 	0 	0 	0 	0 	0 	0 	0 	0 	0 	0 	0 	0 	0 	0 	0 	0 	0 	0 	0 	0 	0 	0 	0 	0 	0 	0 	0 	0 	0 	0 	
0 	0 	0 	0 	0 	0 	0 	0 	0 	0 	0 	0 	0 	0 	0 	0 	0 	0 	0 	0 	0 	0 	0 	0 	0 	0 	0 	0 	0 	0 	0 	0 	0 	0 	0 	0 	0 	0 	0 	0 	0 	0 	0 	0 	0 	0 	0 	0 	0 	0 	0 	0 	0 	0 	0 	0 	0 	0 	0 	0 	
0 	0 	0 	0 	0 	0 	0 	0 	0 	0 	0 	0 	0 	0 	0 	0 	0 	0 	0 	0 	0 	0 	0 	0 	0 	0 	0 	0 	0 	0 	0 	0 	0 	0 	0 	0 	0 	0 	0 	0 	0 	0 	0 	0 	0 	0 	0 	0 	0 	0 	0 	0 	0 	0 	0 	0 	0 	0 	0 	0 	
0 	0 	0 	0 	0 	0 	0 	0 	0 	0 	0 	0 	0 	0 	0 	0 	0 	0 	0 	0 	0 	0 	0 	0 	0 	0 	0 	0 	0 	0 	0 	0 	0 	0 	0 	0 	0 	0 	0 	0 	0 	0 	0 	0 	0 	0 	0 	0 	0 	0 	0 	0 	0 	0 	0 	0 	0 	0 	0 	0 	
0 	0 	0 	0 	0 	0 	0 	0 	0 	0 	0 	0 	0 	0 	0 	0 	0 	0 	0 	0 	0 	0 	0 	0 	0 	0 	0 	0 	0 	0 	0 	0 	0 	0 	0 	0 	0 	0 	0 	0 	0 	0 	0 	0 	0 	0 	0 	0 	0 	0 	0 	0 	0 	0 	0 	0 	0 	0 	0 	0 	
0 	0 	0 	0 	0 	0 	0 	0 	0 	0 	0 	0 	0 	0 	0 	0 	0 	0 	0 	0 	0 	0 	0 	0 	0 	0 	0 	0 	0 	0 	0 	0 	0 	0 	0 	0 	0 	0 	0 	0 	0 	0 	0 	0 	0 	0 	0 	0 	0 	0 	0 	0 	0 	0 	0 	0 	0 	0 	0 	0 	
0 	0 	0 	0 	0 	0 	0 	0 	0 	0 	0 	0 	0 	0 	0 	0 	0 	0 	0 	0 	0 	0 	0 	0 	0 	0 	0 	0 	0 	0 	0 	0 	0 	0 	0 	0 	0 	0 	0 	0 	0 	0 	0 	0 	0 	0 	0 	0 	0 	0 	0 	0 	0 	0 	0 	0 	0 	0 	0 	0 	
0 	0 	0 	0 	0 	0 	0 	0 	0 	0 	0 	0 	0 	0 	0 	0 	0 	0 	0 	0 	0 	0 	0 	0 	0 	0 	0 	0 	0 	0 	0 	0 	0 	0 	0 	0 	0 	0 	0 	0 	0 	0 	0 	0 	0 	0 	0 	0 	0 	0 	0 	0 	0 	0 	0 	0 	0 	0 	0 	0 	
0 	0 	0 	0 	0 	0 	0 	0 	0 	0 	0 	0 	0 	0 	0 	0 	0 	0 	0 	0 	0 	0 	0 	0 	0 	0 	0 	0 	0 	0 	0 	0 	0 	0 	0 	0 	0 	0 	0 	0 	0 	0 	0 	0 	0 	0 	0 	0 	0 	0 	0 	0 	0 	0 	0 	0 	0 	0 	0 	0 	
0 	0 	0 	0 	0 	0 	0 	0 	0 	0 	0 	0 	0 	0 	0 	0 	0 	0 	0 	0 	0 	0 	0 	0 	0 	0 	0 	0 	0 	0 	0 	0 	0 	0 	0 	0 	0 	0 	0 	0 	0 	0 	0 	0 	0 	0 	0 	0 	0 	0 	0 	0 	0 	0 	0 	0 	0 	0 	0 	0 	
0 	0 	0 	0 	0 	0 	0 	0 	0 	0 	0 	0 	0 	0 	0 	0 	0 	0 	0 	0 	0 	0 	0 	0 	0 	0 	0 	0 	0 	0 	0 	0 	0 	0 	0 	0 	0 	0 	0 	0 	0 	0 	0 	0 	0 	0 	0 	0 	0 	0 	0 	0 	0 	0 	0 	0 	0 	0 	0 	0 	
0 	0 	1 	0 	0 	0 	0 	0 	0 	0 	0 	0 	0 	0 	2 	2 	1 	2 	1 	1 	0 	0 	0 	0 	0 	0 	0 	0 	8 	10 	7 	1 	5 	2 	0 	0 	0 	8 	5 	14 	4 	6 	2 	16 	11 	9 	1 	0 	0 	0 	0 	0 	0 	0 	13 	6 	0 	0 	0 	0 	
0 	0 	10 	9 	10 	10 	10 	8 	9 	0 	0 	0 	0 	0 	0 	0 	0 	0 	0 	0 	2 	8 	12 	7 	10 	9 	4 	7 	2 	10 	8 	1 	4 	6 	10 	12 	6 	15 	19 	12 	14 	0 	0 	0 	0 	0 	12 	20 	18 	5 	10 	4 	3 	2 	6 	2 	1 	0 	0 	0 	
0 	0 	0 	0 	3 	4 	3 	3 	0 	0 	0 	0 	0 	3 	4 	1 	0 	0 	3 	8 	2 	0 	3 	0 	0 	0 	0 	2 	2 	4 	1 	0 	0 	0 	0 	3 	0 	1 	1 	6 	2 	2 	1 	1 	1 	2 	5 	3 	4 	3 	2 	5 	0 	0 	1 	2 	3 	4 	2 	6 	
1 	0 	0 	0 	0 	0 	0 	0 	0 	0 	1 	5 	2 	5 	6 	1 	0 	0 	0 	0 	0 	0 	0 	0 	0 	0 	0 	0 	0 	0 	0 	0 	0 	0 	0 	0 	3 	5 	2 	2 	1 	0 	0 	0 	0 	0 	3 	5 	2 	4 	2 	5 	4 	3 	0 	3 	1 	0 	0 	0 	
0 	0 	3 	1 	3 	1 	2 	3 	0 	4 	4 	2 	3 	1 	0 	0 	0 	2 	6 	4 	1 	14 	1 	0 	0 	3 	6 	0 	4 	2 	1 	1 	4 	8 	9 	1 	0 	0 	0 	0 	3 	0 	3 	2 	6 	0 	1 	0 	0 	0 	0 	0 	0 	0 	0 	0 	3 	1 	0 	0 	
2 	0 	0 	4 	0 	3 	0 	1 	2 	2 	1 	0 	0 	0 	1 	0 	2 	2 	2 	3 	2 	2 	0 	0 	0 	9 	1 	0 	0 	0 	0 	0 	0 	0 	0 	0 	0 	1 	4 	5 	3 	0 	0 	0 	0 	0 	0 	0 	0 	0 	3 	0 	1 	0 	0 	0 	0 	1 	0 	0 	
0 	2 	1 	1 	2 	1 	0 	1 	0 	0 	0 	2 	0 	0 	3 	0 	1 	1 	0 	5 	2 	1 	2 	1 	0 	2 	0 	0 	0 	0 	0 	0 	0 	0 	0 	0 	0 	0 	0 	0 	0 	0 	0 	0 	0 	0 	0 	0 	2 	2 	5 	4 	5 	4 	5 	5 	4 	0 	2 	0 	
5 	1 	0 	2 	0 	2 	0 	4 	4 	7 	5 	1 	0 	0 	0 	2 	0 	7 	2 	4 	3 	5 	2 	2 	0 	0 	4 	1 	3 	0 	0 	0 	0 	0 	1 	2 	2 	3 	8 	0 	5 	5 	3 	2 	1 	0 	0 	0 	2 	0 	0 	1 	2 	0 	1 	4 	2 	0 	0 	0 	
0 	0 	0 	0 	5 	2 	3 	5 	3 	1 	0 	0 	5 	2 	1 	0 	0 	1 	0 	0 	0 	0 	0 	0 	0 	0 	0 	2 	0 	4 	1 	2 	4 	2 	0 	2 	1 	1 	2 	2 	1 	0 	1 	2 	0 	1 	0 	3 	0 	1 	0 	0 	1 	3 	5 	3 	0 	1 	1 	3 	
1 	0 	0 	0 	0 	3 	1 	2 	2 	0 	0 	0 	0 	0 	0 	0 	0 	0 	0 	0 	0 	0 	0 	0 	0 	1 	1 	0 	0 	3 	5 	3 	3 	2 	0 	0 	3 	2 	2 	4 	3 	5 	1 	4 	5 	4 	6 	3 	6 	7 	5 	5 	6 	8 	8 	7 	9 	10 	10 	11 	
9 	7 	12 	5 	0 	0 	1 	0 	0 	0 	0 	0 	0 	0 	0 	3 	3 	6 	13 	10 	8 	9 	4 	7 	7 	7 	8 	12 	12 	14 	20 	18 	11 	20 	3 	14 	18 	23 	14 	15 	17 	14 	18 	6 	6 	21 	13 	17 	13 	13 	13 	16 	17 	11 	18 	15 	18 	16 	20 	17 	
18 	22 	18 	17 	16 	18 	19 	21 	15 	17 	12 	19 	15 	10 	0 	4 	0 	0 	0 	0 	0 	0 	2 	20 	16 	16 	7 	7 	12 	0 	0 	0 	0 	0 	2 	8 	14 	12 	7 	12 	0 	0 	0 	0 	0 	0 	0 	10 	11 	13 	6 	10 	4 	7 	4 	9 	9 	4 	8 	4 	
3 	6 	0 	0 	0 	0 	0 	0 	0 	0 	0 	0 	0 	0 	0 	0 	0 	0 	0 	0 	0 	0 	0 	0 	0 	0 	0 	0 	0 	0 	0 	0 	0 	0 	0 	0 	0 	0 	0 	0 	0 	0 	0 	0 	0 	0 	0 	0 	0 	0 	0 	0 	0 	0 	0 	0 	0 	0 	0 	0 	
0 	0 	0 	0 	0 	0 	0 	0 	0 	0 	0 	0 	0 	0 	0 	0 	0 	0 	0 	0 	0 	0 	0 	0 	0 	0 	0 	0 	0 	0 	0 	0 	0 	0 	0 	0 	0 	0 	0 	0 	0 	0 	0 	0 	0 	0 	0 	0 	0 	0 	0 	0 	0 	0 	0 	0 	0 	0 	0 	0 	
0 	0 	0 	0 	0 	0 	0 	0 	0 	0 	0 	0 	0 	0 	0 	0 	0 	0 	0 	0 	0 	0 	0 	0 	0 	0 	0 	0 	0 	0 	0 	0 	0 	0 	0 	0 	0 	0 	0 	0 	0 	0 	0 	0 	0 	0 	0 	0 	0 	0 	0 	0 	0 	0 	0 	0 	0 	0 	0 	0 	
0 	0 	0 	0 	0 	0 	0 	0 	0 	0 	0 	0 	0 	0 	0 	0 	0 	0 	0 	0 	0 	0 	0 	0 	0 	0 	0 	0 	0 	0 	0 	0 	0 	0 	0 	0 	0 	0 	0 	0 	0 	0 	0 	0 	0 	0 	0 	0 	0 	0 	0 	0 	0 	0 	0 	0 	0 	0 	0 	0 	
0 	0 	0 	0 	0 	0 	0 	0 	0 	0 	0 	0 	0 	0 	0 	0 	0 	0 	0 	0 	0 	0 	0 	0 	0 	0 	0 	0 	0 	0 	0 	0 	0 	0 	0 	0 	0 	0 	0 	0 	0 	0 	0 	0 	0 	0 	0 	0 	0 	0 	0 	0 	0 	0 	0 	0 	0 	0 	0 	0 	
0 	0 	0 	0 	0 	0 	0 	0 	0 	0 	0 	0 	0 	0 	0 	0 	0 	0 	0 	0 	0 	0 	0 	0 	0 	0 	0 	0 	0 	0 	0 	0 	0 	0 	0 	0 	0 	0 	0 	0 	0 	0 	0 	0 	0 	0 	0 	0 	0 	0 	0 	0 	0 	0 	0 	0 	0 	0 	0 	0 	
0 	0 	0 	0 	0 	0 	0 	0 	0 	0 	0 	0 	0 	0 	0 	0 	0 	0 	0 	0 	0 	0 	0 	0 	0 	0 	0 	0 	0 	0 	0 	0 	0 	0 	0 	0 	0 	0 	0 	0 	0 	0 	0 	0 	0 	0 	0 	0 	0 	0 	0 	0 	0 	0 	0 	0 	0 	0 	0 	0 	
0 	0 	0 	0 	0 	0 	0 	0 	0 	0 	0 	0 	0 	0 	0 	0 	0 	0 	0 	0 	0 	0 	0 	0 	0 	0 	0 	0 	0 	0 	0 	0 	0 	0 	0 	0 	0 	0 	0 	0 	0 	0 	0 	0 	0 	0 	0 	0 	0 	0 	0 	0 	0 	0 	0 	0 	0 	0 	0 	0 	
0 	0 	0 	0 	0 	0 	0 	0 	0 	0 	0 	0 	0 	0 	0 	0 	0 	0 	0 	0 	0 	0 	0 	0 	0 	0 	0 	0 	0 	0 	0 	0 	0 	0 	0 	0 	0 	0 	0 	0 	0 	0 	0 	0 	0 	0 	0 	0 	0 	0 	0 	0 	0 	0 	0 	0 	0 	0 	0 	0 	
0 	0 	0 	0 	0 	0 	0 	0 	0 	0 	0 	0 	0 	0 	0 	0 	0 	0 	0 	0 	0 	0 	0 	0 	0 	0 	0 	0 	0 	0 	0 	0 	0 	0 	0 	0 	0 	0 	0 	0 	0 	0 	0 	0 	0 	0 	0 	0 	0 	0 	0 	0 	0 	0 	0 	0 	0 	0 	0 	0 	
0 	0 	0 	0 	0 	0 	0 	0 	0 	0 	0 	0 	0 	0 	0 	0 	0 	0 	0 	0 	0 	0 	0 	0 	0 	0 	0 	0 	0 	0 	0 	0 	0 	0 	0 	0 	0 	0 	0 	0 	0 	0 	0 	0 	0 	0 	0 	0 	0 	0 	0 	0 	0 	0 	0 	0 	0 	0 	0 	0 	
0 	0 	0 	0 	0 	0 	0 	0 	0 	0 	0 	0 	0 	0 	0 	0 	0 	0 	0 	0 	0 	0 	0 	0 	0 	0 	0 	0 	0 	0 	0 	0 	0 	0 	0 	0 	0 	0 	0 	0 	0 	0 	0 	0 	0 	0 	0 	0 	0 	0 	0 	0 	0 	0 	0 	0 	0 	0 	0 	0 	
0 	0 	0 	0 	0 	0 	0 	0 	0 	0 	0 	0 	0 	0 	2 	1 	8 	0 	0 	0 	0 	0 	0 	0 	0 	0 	0 	0 	0 	0 	0 	0 	0 	0 	0 	5 	15 	6 	6 	1 	0 	4 	3 	10 	10 	8 	1 	0 	0 	0 	0 	0 	0 	1 	9 	8 	3 	0 	0 	8 	
8 	6 	10 	6 	7 	11 	7 	0 	0 	1 	7 	10 	8 	7 	0 	0 	3 	11 	2 	0 	0 	0 	0 	0 	0 	3 	9 	7 	7 	3 	0 	0 	0 	11 	6 	4 	10 	12 	11 	9 	14 	12 	12 	4 	16 	16 	11 	13 	12 	16 	5 	0 	10 	0 	0 	6 	10 	15 	12 	11 	
13 	12 	15 	11 	3 	1 	15 	15 	14 	11 	1 	0 	0 	0 	0 	1 	13 	12 	11 	15 	13 	1 	12 	16 	16 	19 	10 	0 	0 	0 	0 	3 	8 	12 	13 	13 	5 	0 	0 	0 	6 	15 	14 	14 	13 	14 	10 	14 	1 	0 	0 	0 	0 	0 	0 	9 	13 	10 	12 	4 	
1 	17 	16 	8 	5 	0 	0 	14 	7 	5 	2 	0 	0 	13 	9 	2 	0 	5 	1 	7 	9 	2 	1 	0 	2 	5 	0 	1 	3 	2 	0 	0 	0 	0 	0 	0 	0 	10 	6 	0 	0 	0 	0 	8 	12 	11 	3 	1 	1 	9 	0 	2 	2 	0 	0 	0 	0 	2 	1 	0 	
2 	3 	1 	0 	0 	0 	0 	4 	1 	1 	2 	0 	2 	0 	0 	0 	0 	0 	3 	3 	1 	0 	2 	5 	2 	10 	5 	0 	0 	0 	1 	3 	2 	1 	6 	0 	2 	2 	0 	0 	0 	0 	0 	3 	1 	0 	0 	0 	0 	0 	0 	0 	0 	0 	0 	0 	0 	0 	0 	1 	
0 	0 	0 	0 	0 	0 	0 	0 	0 	0 	0 	0 	0 	0 	0 	0 	0 	5 	14 	0 	0 	0 	0 	7 	7 	2 	2 	1 	2 	0 	1 	2 	3 	0 	1 	4 	0 	0 	3 	2 	3 	0 	0 	0 	5 	2 	0 	1 	1 	0 	3 	1 	2 	0 	1 	2 	0 	2 	4 	1 	
0 	1 	0 	0 	2 	0 	2 	1 	0 	1 	0 	0 	0 	0 	1 	0 	0 	0 	0 	2 	0 	2 	0 	0 	0 	0 	0 	0 	0 	0 	0 	0 	0 	7 	1 	1 	0 	0 	1 	0 	1 	0 	0 	0 	1 	4 	0 	0 	0 	0 	0 	1 	0 	0 	0 	0 	0 	0 	1 	0 	
2 	0 	0 	1 	0 	0 	0 	3 	4 	0 	0 	0 	0 	0 	0 	0 	0 	0 	0 	0 	0 	0 	0 	0 	0 	0 	0 	0 	0 	0 	0 	0 	0 	0 	0 	0 	0 	0 	0 	0 	0 	0 	0 	0 	0 	0 	0 	4 	0 	2 	1 	1 	1 	0 	0 	0 	0 	2 	0 	0 	
2 	0 	0 	0 	2 	1 	2 	0 	2 	0 	1 	0 	1 	1 	0 	0 	0 	0 	3 	0 	0 	1 	0 	0 	0 	0 	0 	0 	0 	0 	0 	0 	0 	0 	0 	0 	0 	0 	0 	0 	0 	0 	0 	0 	0 	0 	0 	0 	0 	0 	0 	7 	11 	0 	0 	0 	0 	0 	0 	0 	
0 	0 	0 	0 	0 	0 	0 	0 	0 	0 	0 	0 	0 	0 	10 	2 	3 	0 	0 	0 	0 	0 	2 	1 	0 	0 	0 	0 	3 	1 	2 	2 	0 	5 	0 	0 	0 	1 	0 	0 	0 	0 	0 	0 	0 	0 	0 	0 	1 	0 	0 	0 	0 	0 	9 	2 	0 	2 	1 	0 	
0 	0 	2 	3 	3 	1 	1 	0 	0 	0 	0 	0 	0 	0 	0 	0 	0 	0 	0 	0 	0 	0 	0 	0 	10 	2 	1 	0 	0 	0 	0 	0 	0 	0 	0 	0 	4 	2 	3 	15 	14 	17 	22 	19 	13 	10 	2 	3 	1 	0 	3 	5 	1 	0 	1 	0 	1 	0 	0 	0 	
0 	0 	0 	0 	7 	5 	1 	0 	0 	2 	4 	2 	0 	1 	0 	0 	0 	0 	0 	0 	0 	0 	0 	0 	0 	0 	0 	0 	0 	0 	0 	0 	0 	0 	0 	0 	0 	0 	0 	0 	0 	0 	0 	0 	0 	0 	0 	0 	0 	0 	0 	0 	0 	0 	0 	0 	0 	0 	0 	0 	
0 	0 	0 	0 	0 	0 	0 	0 	0 	0 	0 	0 	0 	0 	0 	0 	0 	0 	0 	0 	0 	0 	0 	0 	0 	0 	0 	0 	0 	0 	0 	0 	0 	0 	0 	0 	0 	0 	0 	0 	0 	0 	0 	0 	0 	0 	0 	0 	0 	0 	0 	0 	0 	0 	0 	0 	0 	0 	0 	0 	
0 	0 	0 	0 	0 	0 	0 	0 	0 	0 	0 	0 	0 	0 	0 	0 	0 	0 	0 	0 	0 	0 	0 	0 	0 	0 	0 	0 	0 	0 	0 	0 	0 	0 	0 	0 	0 	0 	0 	0 	0 	0 	0 	0 	0 	0 	0 	0 	0 	0 	0 	0 	0 	0 	0 	0 	0 	0 	0 	0 	
0 	0 	0 	0 	0 	0 	0 	0 	0 	0 	0 	0 	0 	0 	0 	0 	0 	0 	0 	0 	0 	0 	0 	0 	0 	0 	0 	0 	0 	0 	0 	0 	0 	0 	0 	0 	0 	0 	0 	0 	0 	0 	0 	0 	0 	0 	0 	0 	0 	0 	0 	0 	0 	0 	0 	0 	0 	0 	0 	0 	
0 	0 	0 	0 	0 	0 	0 	0 	0 	0 	0 	0 	0 	0 	0 	0 	0 	0 	0 	0 	0 	0 	0 	0 	0 	0 	0 	0 	0 	0 	0 	0 	0 	0 	0 	0 	0 	0 	0 	0 	0 	0 	0 	0 	0 	0 	0 	0 	0 	0 	0 	0 	0 	0 	0 	0 	0 	0 	0 	0 	
0 	0 	0 	0 	0 	0 	0 	0 	0 	0 	0 	0 	0 	0 	0 	0 	0 	0 	0 	0 	0 	0 	0 	0 	0 	0 	0 	0 	0 	0 	0 	0 	0 	0 	0 	0 	0 	0 	0 	0 	0 	0 	0 	0 	0 	0 	0 	0 	0 	0 	0 	0 	0 	0 	0 	0 	0 	0 	0 	0 	
0 	0 	0 	0 	0 	0 	0 	0 	0 	0 	0 	0 	0 	0 	0 	0 	0 	0 	0 	0 	0 	0 	0 	0 	0 	0 	0 	0 	0 	0 	0 	0 	0 	0 	0 	0 	0 	0 	0 	0 	0 	0 	0 	0 	0 	0 	0 	0 	0 	0 	0 	0 	0 	0 	0 	0 	0 	0 	0 	0 	
0 	0 	0 	0 	0 	0 	0 	0 	0 	0 	0 	0 	0 	0 	0 	0 	0 	0 	0 	0 	0 	0 	0 	0 	0 	0 	0 	0 	0 	0 	0 	0 	0 	0 	0 	0 	0 	0 	0 	0 	0 	0 	0 	0 	0 	0 	0 	0 	0 	0 	0 	0 	0 	0 	0 	0 	0 	0 	0 	0 	
0 	0 	0 	0 	0 	0 	0 	0 	0 	0 	0 	0 	0 	0 	0 	0 	0 	0 	0 	0 	0 	0 	0 	0 	0 	0 	0 	0 	0 	0 	0 	0 	0 	0 	0 	0 	0 	0 	0 	0 	0 	0 	0 	0 	0 	0 	0 	0 	0 	0 	0 	0 	0 	0 	0 	0 	0 	0 	0 	0 	
0 	0 	0 	0 	0 	0 	0 	0 	0 	0 	0 	0 	0 	0 	0 	0 	0 	0 	0 	0 	0 	0 	0 	0 	0 	0 	0 	0 	0 	0 	0 	0 	0 	0 	0 	0 	0 	0 	0 	0 	0 	0 	0 	0 	0 	0 	0 	0 	0 	0 	0 	0 	0 	0 	0 	0 	0 	0 	0 	0 	
0 	0 	0 	0 	0 	0 	0 	0 	0 	0 	0 	0 	0 	0 	0 	0 	0 	0 	0 	0 	0 	0 	0 	0 	0 	0 	0 	0 	0 	0 	0 	0 	0 	0 	0 	0 	0 	0 	0 	0 	0 	0 	0 	0 	0 	0 	0 	0 	0 	0 	0 	0 	0 	0 	0 	0 	0 	0 	0 	0 	
0 	0 	0 	0 	0 	0 	0 	0 	0 	0 	0 	0 	0 	0 	0 	0 	0 	0 	0 	0 	0 	0 	0 	0 	0 	0 	0 	0 	0 	0 	0 	0 	0 	0 	0 	0 	0 	0 	0 	0 	0 	0 	0 	0 	0 	0 	0 	0 	0 	0 	0 	0 	0 	0 	0 	0 	0 	0 	0 	0 	
0 	0 	0 	0 	0 	0 	0 	0 	0 	0 	0 	0 	0 	0 	0 	0 	0 	0 	0 	0 	0 	0 	0 	0 	0 	0 	0 	0 	0 	0 	0 	0 	0 	0 	0 	0 	0 	0 	0 	0 	0 	0 	0 	0 	0 	0 	0 	0 	0 	0 	0 	0 	0 	0 	0 	0 	0 	0 	0 	0 	
