0 	1 	0 	0 	1 	0 	0 	0 	1 	0 	0 	0 	0 	0 	0 	0 	0 	0 	0 	0 	1 	0 	0 	0 	0 	0 	0 	0 	0 	0 	0 	0 	0 	0 	1 	0 	0 	0 	0 	0 	0 	0 	0 	1 	0 	1 	0 	2 	2 	0 	0 	0 	1 	1 	2 	0 	0 	2 	2 	0 	
2 	1 	0 	0 	0 	0 	0 	1 	0 	1 	1 	1 	0 	1 	0 	1 	0 	0 	3 	1 	1 	0 	1 	1 	1 	1 	0 	0 	0 	1 	0 	0 	0 	0 	0 	1 	0 	0 	0 	0 	0 	0 	0 	0 	1 	0 	0 	0 	0 	0 	0 	0 	0 	0 	0 	0 	0 	0 	1 	0 	
0 	0 	0 	0 	0 	0 	0 	1 	1 	0 	0 	0 	0 	0 	0 	0 	0 	1 	1 	0 	1 	0 	0 	0 	0 	1 	1 	0 	1 	1 	1 	1 	0 	0 	0 	0 	2 	0 	0 	1 	1 	0 	1 	1 	3 	0 	1 	0 	0 	0 	1 	0 	0 	1 	0 	2 	2 	2 	0 	0 	
1 	0 	3 	0 	1 	1 	0 	0 	0 	0 	0 	0 	0 	0 	2 	0 	0 	1 	0 	1 	1 	0 	0 	0 	0 	0 	0 	1 	0 	1 	0 	0 	0 	0 	0 	0 	0 	1 	0 	0 	0 	1 	1 	0 	1 	0 	0 	1 	1 	0 	0 	0 	0 	0 	0 	0 	0 	0 	2 	0 	
0 	0 	0 	1 	0 	2 	4 	2 	5 	0 	1 	1 	3 	0 	1 	0 	1 	0 	2 	2 	0 	2 	0 	0 	0 	0 	0 	3 	5 	0 	2 	2 	2 	0 	0 	1 	0 	1 	0 	0 	0 	0 	0 	1 	0 	1 	0 	1 	0 	0 	0 	0 	0 	1 	0 	1 	1 	0 	0 	1 	
1 	0 	0 	2 	0 	1 	1 	0 	0 	0 	2 	0 	1 	0 	1 	3 	0 	0 	1 	0 	1 	1 	1 	0 	0 	1 	0 	0 	0 	1 	0 	1 	0 	1 	0 	1 	1 	1 	0 	0 	0 	0 	0 	0 	1 	0 	2 	1 	0 	1 	1 	1 	1 	0 	0 	0 	0 	0 	0 	0 	
2 	2 	2 	1 	3 	0 	0 	0 	0 	1 	1 	0 	1 	0 	0 	0 	1 	5 	1 	0 	0 	0 	0 	1 	3 	0 	1 	3 	1 	0 	0 	1 	0 	0 	0 	0 	0 	0 	0 	0 	1 	0 	0 	0 	0 	1 	0 	1 	2 	0 	0 	0 	1 	0 	3 	4 	1 	1 	1 	3 	
3 	1 	1 	1 	0 	0 	1 	0 	0 	0 	2 	2 	0 	1 	0 	0 	1 	3 	3 	2 	1 	1 	2 	2 	1 	1 	0 	0 	0 	1 	0 	1 	1 	1 	0 	0 	0 	0 	0 	1 	0 	1 	0 	0 	1 	1 	2 	2 	1 	1 	1 	1 	0 	0 	0 	1 	1 	0 	0 	0 	
0 	0 	0 	1 	0 	0 	1 	0 	0 	0 	0 	0 	0 	1 	1 	1 	0 	0 	0 	2 	0 	0 	0 	0 	1 	0 	0 	0 	0 	0 	0 	1 	0 	0 	0 	0 	0 	1 	1 	0 	0 	0 	1 	0 	0 	1 	0 	0 	0 	1 	1 	0 	0 	2 	1 	0 	0 	1 	0 	0 	
0 	0 	0 	2 	0 	0 	0 	0 	1 	0 	0 	0 	0 	0 	0 	0 	1 	0 	0 	0 	0 	0 	0 	0 	0 	0 	0 	0 	0 	0 	0 	0 	1 	0 	0 	0 	0 	0 	0 	2 	4 	1 	1 	0 	2 	1 	0 	0 	0 	0 	0 	0 	0 	0 	0 	0 	0 	1 	0 	1 	
0 	0 	0 	1 	0 	0 	0 	0 	0 	0 	1 	0 	0 	0 	1 	0 	1 	0 	0 	0 	1 	0 	0 	0 	0 	0 	0 	0 	1 	1 	0 	0 	0 	0 	1 	0 	0 	0 	0 	0 	0 	0 	0 	0 	0 	1 	0 	1 	1 	1 	0 	1 	0 	1 	0 	0 	1 	0 	0 	0 	
1 	0 	0 	0 	0 	0 	0 	0 	0 	0 	0 	0 	0 	0 	0 	0 	0 	0 	0 	0 	0 	0 	0 	0 	0 	0 	0 	0 	0 	0 	0 	0 	0 	0 	0 	0 	0 	0 	0 	0 	0 	0 	0 	0 	0 	0 	0 	0 	0 	0 	0 	0 	0 	0 	0 	0 	0 	0 	0 	0 	
0 	0 	0 	0 	0 	0 	0 	0 	0 	0 	0 	0 	0 	0 	0 	0 	0 	0 	0 	0 	0 	0 	0 	0 	0 	0 	0 	0 	0 	0 	0 	0 	0 	0 	0 	0 	0 	0 	0 	0 	0 	0 	0 	0 	0 	0 	0 	0 	0 	0 	0 	0 	0 	0 	0 	0 	0 	0 	0 	0 	
0 	0 	0 	0 	0 	0 	0 	0 	0 	0 	0 	0 	0 	0 	0 	0 	0 	0 	0 	0 	0 	0 	0 	0 	0 	0 	0 	0 	0 	0 	0 	0 	0 	0 	0 	0 	0 	0 	0 	0 	0 	0 	0 	0 	0 	0 	0 	0 	0 	0 	0 	0 	0 	0 	0 	0 	0 	0 	0 	0 	
0 	0 	0 	0 	0 	0 	0 	0 	0 	0 	0 	0 	0 	0 	0 	0 	0 	0 	0 	0 	0 	0 	0 	0 	0 	0 	0 	0 	0 	0 	0 	0 	0 	0 	0 	0 	0 	0 	0 	0 	0 	0 	0 	0 	0 	0 	0 	0 	0 	0 	0 	0 	0 	0 	0 	0 	0 	0 	0 	0 	
0 	0 	0 	0 	0 	0 	0 	0 	0 	0 	0 	0 	0 	0 	0 	0 	0 	0 	0 	0 	0 	0 	0 	0 	0 	0 	0 	0 	0 	0 	0 	0 	0 	0 	0 	0 	0 	0 	0 	0 	0 	0 	0 	0 	0 	0 	0 	0 	0 	0 	0 	0 	0 	0 	0 	0 	0 	0 	0 	0 	
0 	0 	0 	0 	0 	0 	0 	0 	0 	0 	0 	0 	0 	0 	0 	0 	0 	0 	0 	0 	0 	0 	0 	0 	0 	0 	0 	0 	0 	0 	0 	0 	0 	0 	0 	0 	0 	0 	0 	0 	0 	0 	0 	0 	0 	0 	0 	0 	0 	0 	0 	0 	0 	0 	0 	0 	0 	0 	0 	0 	
0 	0 	0 	0 	0 	0 	0 	0 	0 	0 	0 	0 	0 	0 	0 	0 	0 	0 	0 	0 	0 	0 	0 	0 	0 	0 	0 	0 	0 	0 	0 	0 	0 	0 	0 	0 	0 	0 	0 	0 	0 	0 	0 	0 	0 	0 	0 	0 	0 	0 	0 	0 	0 	0 	0 	0 	0 	0 	0 	0 	
0 	0 	0 	0 	0 	0 	0 	0 	0 	0 	0 	0 	0 	0 	0 	0 	0 	0 	0 	0 	0 	0 	0 	0 	0 	0 	0 	0 	0 	0 	0 	0 	0 	0 	0 	0 	0 	0 	0 	0 	0 	0 	0 	0 	0 	0 	0 	0 	0 	0 	0 	0 	0 	0 	0 	0 	0 	0 	0 	0 	
0 	0 	0 	0 	0 	0 	0 	0 	0 	0 	0 	0 	0 	0 	0 	0 	0 	0 	0 	0 	0 	0 	0 	0 	0 	0 	0 	0 	0 	0 	0 	0 	0 	0 	0 	0 	0 	0 	0 	0 	0 	0 	0 	0 	0 	0 	0 	0 	0 	0 	0 	0 	0 	0 	0 	0 	0 	0 	0 	0 	
0 	0 	0 	0 	0 	0 	0 	0 	0 	0 	0 	0 	0 	0 	0 	0 	0 	0 	0 	0 	0 	0 	0 	0 	0 	0 	0 	0 	0 	0 	0 	0 	0 	0 	0 	0 	0 	0 	0 	0 	0 	0 	0 	0 	0 	0 	0 	0 	0 	0 	0 	0 	0 	0 	0 	0 	0 	0 	0 	0 	
0 	0 	0 	0 	0 	0 	0 	0 	0 	0 	0 	0 	0 	0 	0 	0 	0 	0 	0 	0 	0 	0 	0 	0 	0 	0 	0 	0 	0 	0 	0 	0 	0 	0 	0 	0 	0 	0 	0 	0 	0 	0 	0 	0 	0 	0 	0 	0 	0 	0 	0 	0 	0 	0 	0 	0 	0 	0 	0 	0 	
0 	0 	0 	0 	0 	0 	0 	0 	0 	0 	0 	0 	0 	0 	0 	0 	0 	0 	0 	0 	0 	0 	0 	0 	0 	0 	0 	0 	0 	0 	0 	0 	0 	0 	0 	0 	0 	0 	0 	0 	0 	0 	0 	0 	0 	0 	0 	0 	0 	0 	0 	0 	0 	0 	0 	0 	0 	0 	0 	0 	
0 	1 	0 	2 	1 	0 	1 	0 	0 	4 	7 	8 	0 	1 	0 	0 	0 	2 	8 	8 	7 	2 	2 	6 	7 	22 	3 	2 	0 	0 	0 	6 	12 	0 	1 	11 	4 	0 	0 	0 	0 	0 	7 	2 	0 	5 	16 	12 	15 	8 	6 	0 	1 	4 	8 	15 	4 	3 	0 	0 	
