0 	0 	0 	0 	0 	1 	0 	1 	1 	1 	3 	1 	0 	4 	16 	15 	3 	14 	11 	0 	4 	4 	0 	6 	9 	2 	4 	0 	10 	13 	0 	4 	5 	11 	14 	10 	14 	17 	17 	14 	0 	9 	19 	11 	12 	17 	17 	10 	20 	11 	8 	15 	18 	16 	19 	15 	15 	14 	11 	13 	
13 	16 	17 	13 	19 	16 	12 	10 	8 	4 	0 	0 	0 	0 	0 	11 	15 	15 	7 	12 	1 	0 	0 	1 	0 	3 	0 	2 	4 	10 	15 	14 	13 	13 	14 	18 	17 	17 	20 	20 	18 	15 	15 	19 	17 	19 	11 	13 	16 	21 	18 	18 	15 	15 	20 	16 	16 	18 	18 	14 	
14 	14 	3 	6 	6 	0 	1 	3 	5 	3 	8 	5 	10 	15 	13 	14 	16 	15 	15 	15 	17 	17 	17 	17 	19 	13 	12 	2 	6 	2 	3 	4 	5 	6 	2 	2 	7 	9 	3 	2 	4 	4 	4 	4 	3 	6 	7 	7 	13 	15 	18 	19 	20 	17 	17 	18 	18 	16 	15 	14 	
0 	11 	16 	18 	16 	15 	15 	17 	16 	10 	7 	6 	4 	5 	6 	4 	0 	0 	0 	0 	0 	0 	0 	0 	0 	0 	0 	0 	0 	0 	0 	0 	0 	0 	0 	0 	1 	15 	10 	13 	14 	15 	16 	12 	13 	13 	10 	14 	15 	14 	16 	15 	19 	17 	16 	15 	16 	14 	12 	17 	
12 	17 	12 	16 	17 	19 	20 	15 	19 	18 	15 	14 	18 	18 	16 	17 	17 	20 	19 	11 	0 	0 	0 	0 	0 	1 	13 	17 	16 	14 	16 	20 	19 	17 	17 	16 	16 	18 	13 	16 	17 	17 	19 	17 	19 	7 	0 	0 	0 	0 	0 	0 	0 	0 	10 	16 	13 	13 	16 	18 	
15 	16 	16 	13 	13 	11 	4 	12 	13 	16 	14 	15 	15 	15 	15 	14 	15 	15 	13 	15 	13 	2 	0 	0 	0 	0 	5 	16 	17 	21 	17 	15 	17 	16 	2 	0 	15 	12 	12 	11 	15 	16 	15 	17 	13 	12 	5 	0 	3 	13 	17 	19 	18 	19 	15 	5 	12 	18 	14 	14 	
16 	20 	12 	16 	17 	17 	17 	18 	11 	13 	13 	14 	8 	9 	10 	9 	11 	10 	12 	14 	10 	8 	0 	0 	0 	0 	0 	0 	0 	0 	0 	0 	1 	10 	4 	9 	12 	12 	12 	14 	14 	14 	12 	14 	13 	12 	13 	15 	6 	1 	2 	0 	0 	0 	0 	0 	0 	0 	1 	12 	
9 	12 	12 	13 	13 	13 	13 	14 	13 	15 	11 	5 	0 	0 	1 	14 	11 	7 	8 	6 	12 	11 	11 	11 	11 	10 	12 	5 	5 	0 	0 	0 	0 	0 	0 	0 	0 	0 	0 	0 	0 	0 	0 	0 	0 	0 	0 	0 	0 	0 	0 	4 	9 	10 	10 	9 	13 	12 	9 	9 	
7 	11 	11 	9 	7 	15 	15 	10 	15 	15 	15 	7 	11 	16 	12 	11 	7 	0 	0 	0 	0 	0 	0 	0 	0 	0 	0 	0 	0 	0 	0 	0 	0 	0 	0 	0 	0 	0 	0 	0 	0 	0 	0 	0 	0 	0 	0 	0 	4 	13 	6 	13 	14 	12 	14 	17 	14 	13 	10 	12 	
15 	4 	12 	8 	11 	9 	10 	9 	0 	0 	0 	0 	0 	0 	0 	0 	0 	0 	0 	0 	11 	15 	14 	13 	13 	14 	15 	14 	11 	12 	12 	17 	13 	13 	14 	7 	2 	0 	0 	0 	0 	0 	0 	0 	0 	2 	1 	0 	0 	0 	0 	0 	0 	0 	0 	0 	0 	0 	0 	0 	
0 	0 	0 	0 	0 	0 	0 	0 	0 	0 	0 	0 	0 	0 	0 	0 	0 	0 	0 	0 	0 	0 	0 	0 	0 	0 	0 	0 	0 	0 	0 	0 	0 	0 	7 	0 	5 	9 	10 	14 	2 	2 	0 	1 	2 	6 	0 	0 	0 	0 	0 	0 	0 	0 	0 	8 	11 	9 	13 	13 	
14 	12 	15 	12 	9 	2 	0 	0 	0 	0 	0 	2 	14 	15 	17 	15 	16 	9 	6 	2 	0 	3 	6 	0 	0 	0 	0 	1 	0 	0 	0 	0 	7 	10 	4 	2 	0 	2 	2 	2 	0 	1 	0 	0 	1 	1 	0 	0 	2 	0 	0 	0 	0 	0 	0 	0 	0 	0 	0 	3 	
0 	1 	0 	0 	0 	0 	0 	0 	0 	0 	0 	0 	0 	0 	0 	0 	0 	0 	0 	0 	0 	0 	0 	0 	0 	0 	0 	0 	0 	0 	0 	0 	0 	0 	0 	0 	0 	0 	0 	0 	0 	0 	0 	0 	0 	0 	0 	0 	0 	0 	0 	0 	0 	0 	0 	0 	0 	0 	0 	0 	
0 	0 	0 	0 	0 	0 	0 	0 	0 	0 	0 	0 	0 	0 	0 	0 	0 	0 	0 	0 	0 	0 	0 	0 	0 	0 	0 	0 	0 	0 	0 	0 	0 	0 	0 	0 	0 	0 	0 	0 	0 	0 	0 	0 	0 	0 	0 	0 	0 	0 	0 	0 	0 	0 	0 	0 	0 	0 	0 	0 	
0 	0 	0 	0 	0 	0 	0 	0 	0 	0 	0 	0 	0 	0 	0 	0 	0 	0 	0 	0 	0 	0 	0 	0 	0 	0 	0 	0 	0 	0 	0 	0 	0 	0 	0 	0 	0 	0 	0 	0 	0 	0 	0 	0 	0 	0 	0 	0 	0 	0 	0 	0 	0 	0 	0 	0 	0 	0 	0 	0 	
0 	0 	0 	0 	0 	0 	0 	0 	0 	0 	0 	0 	0 	0 	0 	0 	0 	0 	0 	0 	0 	0 	0 	0 	0 	0 	0 	0 	0 	0 	0 	0 	0 	0 	0 	0 	0 	0 	0 	0 	0 	0 	0 	0 	0 	0 	0 	0 	0 	0 	0 	0 	0 	0 	0 	0 	0 	0 	0 	0 	
0 	0 	0 	0 	0 	0 	0 	0 	0 	0 	0 	0 	0 	0 	0 	0 	0 	0 	0 	0 	0 	0 	0 	0 	0 	0 	0 	0 	0 	0 	0 	0 	0 	0 	0 	0 	0 	0 	0 	0 	0 	0 	0 	0 	0 	0 	0 	0 	0 	0 	0 	0 	0 	0 	0 	0 	0 	0 	0 	0 	
0 	0 	0 	0 	0 	0 	0 	0 	0 	0 	0 	0 	0 	0 	0 	0 	0 	0 	0 	0 	0 	0 	0 	0 	0 	0 	0 	0 	0 	0 	0 	0 	0 	0 	0 	0 	0 	0 	0 	0 	0 	0 	0 	0 	0 	0 	0 	0 	0 	0 	0 	0 	0 	0 	0 	0 	0 	0 	0 	0 	
0 	0 	0 	0 	0 	0 	0 	0 	0 	0 	0 	0 	0 	0 	0 	0 	0 	0 	0 	0 	0 	0 	0 	0 	0 	0 	0 	0 	0 	0 	0 	0 	0 	0 	0 	0 	0 	0 	0 	0 	0 	0 	0 	0 	0 	0 	0 	0 	0 	0 	0 	0 	0 	0 	0 	0 	0 	0 	0 	0 	
0 	0 	0 	0 	0 	0 	0 	0 	0 	0 	0 	0 	0 	0 	0 	0 	0 	0 	0 	0 	0 	0 	0 	0 	0 	0 	0 	0 	0 	0 	0 	0 	0 	0 	0 	0 	0 	0 	0 	0 	0 	0 	0 	0 	0 	0 	0 	0 	0 	0 	0 	0 	0 	0 	0 	0 	0 	0 	0 	0 	
0 	0 	0 	0 	0 	0 	0 	0 	0 	0 	0 	0 	0 	0 	0 	0 	0 	0 	0 	0 	0 	0 	0 	0 	0 	0 	0 	0 	0 	0 	0 	0 	0 	0 	0 	0 	0 	0 	0 	0 	0 	0 	0 	0 	0 	0 	0 	0 	0 	0 	0 	0 	0 	0 	0 	0 	0 	0 	0 	0 	
0 	0 	0 	0 	0 	0 	0 	0 	0 	0 	0 	0 	0 	0 	0 	0 	0 	0 	0 	0 	0 	0 	0 	0 	0 	0 	0 	0 	0 	0 	0 	0 	0 	0 	0 	0 	0 	0 	0 	0 	0 	0 	0 	0 	0 	0 	0 	0 	0 	0 	0 	0 	0 	0 	0 	0 	0 	0 	0 	0 	
0 	0 	0 	0 	0 	0 	0 	0 	0 	0 	0 	0 	0 	0 	0 	0 	0 	0 	0 	0 	0 	0 	0 	0 	0 	0 	0 	0 	0 	0 	0 	0 	0 	0 	0 	0 	0 	0 	0 	0 	0 	0 	0 	0 	0 	0 	0 	0 	0 	0 	0 	0 	0 	0 	0 	0 	0 	0 	0 	0 	
0 	0 	0 	0 	0 	0 	0 	0 	0 	0 	0 	0 	0 	0 	0 	0 	0 	0 	0 	0 	0 	0 	0 	0 	0 	0 	0 	0 	0 	0 	0 	0 	0 	0 	0 	0 	0 	0 	0 	0 	0 	0 	0 	0 	0 	0 	0 	0 	0 	0 	0 	0 	0 	0 	0 	0 	0 	0 	0 	0 	
0 	0 	1 	0 	0 	0 	0 	0 	2 	9 	6 	2 	0 	0 	5 	13 	10 	2 	1 	15 	13 	10 	6 	1 	0 	0 	0 	10 	0 	0 	0 	8 	15 	14 	14 	14 	12 	14 	16 	14 	15 	16 	17 	17 	16 	14 	12 	13 	18 	10 	0 	0 	0 	0 	0 	0 	0 	0 	0 	0 	
11 	17 	17 	20 	17 	21 	18 	18 	20 	17 	20 	18 	18 	20 	17 	8 	0 	0 	11 	16 	19 	21 	19 	20 	24 	20 	18 	21 	20 	21 	18 	13 	19 	11 	4 	9 	12 	12 	19 	11 	13 	15 	10 	11 	11 	15 	11 	12 	14 	12 	10 	16 	12 	3 	9 	14 	7 	10 	15 	17 	
16 	16 	14 	18 	5 	2 	11 	14 	16 	15 	19 	17 	17 	17 	13 	7 	16 	15 	10 	11 	15 	12 	6 	12 	12 	13 	14 	13 	15 	9 	13 	15 	14 	15 	17 	14 	16 	12 	16 	15 	17 	15 	16 	6 	9 	3 	6 	8 	12 	17 	11 	14 	16 	13 	15 	16 	16 	11 	12 	14 	
16 	8 	11 	11 	10 	13 	16 	12 	14 	15 	16 	18 	18 	14 	13 	10 	12 	11 	13 	13 	16 	18 	15 	18 	15 	15 	16 	16 	14 	16 	18 	19 	16 	15 	15 	16 	18 	17 	16 	18 	15 	4 	13 	15 	10 	15 	14 	15 	13 	16 	16 	17 	14 	16 	14 	14 	14 	14 	11 	15 	
14 	15 	17 	18 	16 	0 	16 	19 	20 	21 	12 	22 	19 	16 	18 	21 	15 	9 	15 	16 	19 	14 	19 	16 	8 	13 	17 	13 	16 	17 	14 	17 	16 	14 	20 	15 	18 	17 	18 	19 	18 	16 	12 	11 	10 	18 	19 	16 	16 	16 	17 	17 	16 	16 	16 	18 	17 	16 	17 	18 	
20 	18 	15 	17 	19 	20 	18 	16 	20 	19 	18 	16 	18 	13 	14 	16 	17 	16 	14 	14 	17 	13 	15 	15 	16 	17 	16 	15 	15 	15 	16 	11 	15 	12 	10 	15 	11 	15 	12 	12 	14 	19 	15 	16 	16 	1 	0 	10 	16 	16 	20 	18 	17 	19 	18 	18 	20 	18 	20 	15 	
14 	18 	19 	5 	0 	15 	17 	17 	19 	18 	20 	17 	15 	11 	16 	15 	18 	12 	8 	14 	13 	10 	6 	14 	16 	20 	16 	19 	16 	15 	11 	15 	12 	13 	14 	14 	16 	19 	17 	16 	19 	19 	16 	8 	9 	17 	12 	14 	13 	18 	17 	15 	17 	7 	13 	13 	15 	12 	17 	16 	
17 	14 	5 	11 	16 	15 	13 	18 	10 	16 	16 	17 	14 	17 	16 	18 	18 	19 	17 	15 	5 	0 	1 	0 	0 	0 	0 	0 	0 	0 	0 	0 	0 	0 	1 	13 	13 	10 	12 	11 	13 	6 	9 	14 	16 	15 	14 	13 	13 	13 	15 	18 	16 	16 	12 	17 	13 	16 	8 	1 	
0 	1 	0 	10 	12 	13 	10 	13 	12 	11 	15 	11 	16 	8 	11 	12 	12 	15 	13 	13 	10 	2 	8 	13 	14 	14 	14 	14 	15 	16 	17 	18 	16 	18 	15 	15 	17 	15 	10 	12 	14 	12 	14 	10 	13 	17 	10 	14 	15 	7 	17 	13 	17 	12 	12 	12 	12 	14 	10 	13 	
10 	16 	5 	8 	13 	13 	12 	12 	18 	11 	16 	15 	14 	1 	0 	0 	0 	0 	0 	0 	0 	0 	0 	0 	3 	10 	14 	12 	12 	13 	15 	18 	16 	16 	15 	12 	13 	15 	12 	14 	11 	17 	14 	9 	0 	0 	0 	0 	0 	0 	0 	0 	0 	0 	0 	0 	0 	2 	11 	12 	
7 	7 	0 	3 	14 	15 	11 	7 	10 	10 	8 	0 	0 	1 	0 	0 	0 	0 	0 	0 	0 	0 	0 	0 	0 	0 	0 	0 	0 	0 	0 	0 	1 	16 	0 	0 	4 	4 	11 	14 	10 	6 	1 	0 	0 	0 	0 	0 	8 	9 	2 	6 	2 	0 	2 	0 	0 	0 	0 	0 	
0 	0 	0 	0 	0 	0 	1 	0 	0 	0 	0 	1 	0 	0 	0 	0 	0 	0 	0 	0 	0 	5 	8 	1 	0 	0 	0 	0 	0 	0 	0 	0 	0 	0 	0 	3 	1 	0 	1 	3 	0 	0 	0 	0 	0 	0 	0 	0 	0 	0 	0 	0 	0 	0 	0 	0 	0 	0 	0 	0 	
0 	0 	0 	0 	0 	0 	0 	0 	0 	0 	0 	0 	0 	0 	0 	0 	0 	0 	0 	0 	0 	0 	0 	0 	0 	0 	0 	0 	0 	0 	0 	0 	0 	0 	0 	0 	0 	0 	0 	0 	0 	0 	0 	0 	0 	0 	0 	0 	0 	0 	0 	0 	0 	0 	0 	0 	0 	0 	0 	0 	
0 	0 	0 	0 	0 	0 	0 	0 	0 	0 	0 	0 	0 	0 	0 	0 	0 	0 	0 	0 	0 	0 	0 	0 	0 	0 	0 	0 	0 	0 	0 	0 	0 	0 	0 	0 	0 	0 	0 	0 	0 	0 	0 	0 	0 	0 	0 	0 	0 	0 	0 	0 	0 	0 	0 	0 	0 	0 	0 	0 	
0 	0 	0 	0 	0 	0 	0 	0 	0 	0 	0 	0 	0 	0 	0 	0 	0 	0 	0 	0 	0 	0 	0 	0 	0 	0 	0 	0 	0 	0 	0 	0 	0 	0 	0 	0 	0 	0 	0 	0 	0 	0 	0 	0 	0 	0 	0 	0 	0 	0 	0 	0 	0 	0 	0 	0 	0 	0 	0 	0 	
0 	0 	0 	0 	0 	0 	0 	0 	0 	0 	0 	0 	0 	0 	0 	0 	0 	0 	0 	0 	0 	0 	0 	0 	0 	0 	0 	0 	0 	0 	0 	0 	0 	0 	0 	0 	0 	0 	0 	0 	0 	0 	0 	0 	0 	0 	0 	0 	0 	0 	0 	0 	0 	0 	0 	0 	0 	0 	0 	0 	
0 	0 	0 	0 	0 	0 	0 	0 	0 	0 	0 	0 	0 	0 	0 	0 	0 	0 	0 	0 	0 	0 	0 	0 	0 	0 	0 	0 	0 	0 	0 	0 	0 	0 	0 	0 	0 	0 	0 	0 	0 	0 	0 	0 	0 	0 	0 	0 	0 	0 	0 	0 	0 	0 	0 	0 	0 	0 	0 	0 	
0 	0 	0 	0 	0 	0 	0 	0 	0 	0 	0 	0 	0 	0 	0 	0 	0 	0 	0 	0 	0 	0 	0 	0 	0 	0 	0 	0 	0 	0 	0 	0 	0 	0 	0 	0 	0 	0 	0 	0 	0 	0 	0 	0 	0 	0 	0 	0 	0 	0 	0 	0 	0 	0 	0 	0 	0 	0 	0 	0 	
0 	0 	0 	0 	0 	0 	0 	0 	0 	0 	0 	0 	0 	0 	0 	0 	0 	0 	0 	0 	0 	0 	0 	0 	0 	0 	0 	0 	0 	0 	0 	0 	0 	0 	0 	0 	0 	0 	0 	0 	0 	0 	0 	0 	0 	0 	0 	0 	0 	0 	0 	0 	0 	0 	0 	0 	0 	0 	0 	0 	
0 	0 	0 	0 	0 	0 	0 	0 	0 	0 	0 	0 	0 	0 	0 	0 	0 	0 	0 	0 	0 	0 	0 	0 	0 	0 	0 	0 	0 	0 	0 	0 	0 	0 	0 	0 	0 	0 	0 	0 	0 	0 	0 	0 	0 	0 	0 	0 	0 	0 	0 	0 	0 	0 	0 	0 	0 	0 	0 	0 	
0 	0 	0 	0 	0 	0 	0 	0 	0 	0 	0 	0 	0 	0 	0 	0 	0 	0 	0 	0 	0 	0 	0 	0 	0 	0 	0 	0 	0 	0 	0 	0 	0 	0 	0 	0 	0 	0 	0 	0 	0 	0 	0 	0 	0 	0 	0 	0 	0 	0 	0 	0 	0 	0 	0 	0 	0 	0 	0 	0 	
0 	0 	0 	0 	0 	0 	0 	0 	0 	0 	0 	0 	0 	0 	0 	0 	0 	0 	0 	0 	0 	0 	0 	0 	0 	0 	0 	0 	0 	0 	0 	0 	0 	0 	0 	0 	0 	0 	0 	0 	0 	0 	0 	0 	0 	0 	0 	0 	0 	0 	0 	0 	0 	0 	0 	0 	0 	0 	0 	0 	
0 	0 	0 	0 	0 	0 	0 	0 	0 	0 	0 	0 	0 	0 	0 	0 	0 	0 	0 	0 	0 	0 	0 	0 	0 	0 	0 	0 	0 	0 	0 	0 	0 	0 	0 	0 	0 	0 	0 	0 	0 	0 	0 	0 	0 	0 	0 	0 	0 	0 	0 	0 	0 	0 	0 	0 	0 	0 	0 	0 	
0 	0 	0 	0 	0 	0 	0 	0 	0 	0 	0 	0 	0 	0 	0 	0 	0 	0 	0 	0 	0 	0 	0 	0 	0 	0 	0 	0 	0 	0 	0 	0 	0 	0 	0 	0 	0 	0 	0 	0 	0 	0 	0 	0 	0 	0 	0 	0 	0 	0 	0 	0 	0 	0 	0 	0 	0 	0 	0 	0 	
0 	0 	0 	1 	0 	0 	0 	1 	3 	5 	5 	5 	3 	0 	7 	9 	2 	4 	4 	5 	1 	1 	3 	8 	7 	1 	0 	0 	0 	0 	0 	0 	0 	1 	14 	13 	15 	9 	13 	6 	14 	13 	8 	6 	13 	14 	16 	11 	12 	10 	11 	13 	13 	13 	15 	12 	14 	12 	15 	14 	
11 	17 	17 	18 	13 	17 	18 	10 	12 	13 	13 	16 	5 	16 	15 	16 	10 	12 	14 	15 	13 	10 	14 	17 	18 	14 	11 	11 	10 	6 	7 	11 	9 	6 	10 	12 	12 	11 	9 	9 	9 	8 	10 	6 	11 	7 	9 	10 	11 	13 	11 	16 	14 	12 	15 	11 	13 	13 	15 	17 	
14 	11 	11 	13 	12 	13 	9 	5 	9 	11 	13 	9 	9 	11 	13 	11 	10 	10 	10 	15 	14 	14 	15 	17 	15 	14 	14 	16 	14 	13 	18 	19 	18 	12 	15 	12 	16 	17 	16 	16 	21 	16 	17 	14 	15 	18 	17 	20 	16 	17 	16 	19 	19 	17 	13 	17 	11 	10 	12 	16 	
15 	15 	12 	19 	0 	12 	13 	14 	10 	12 	10 	10 	11 	9 	8 	11 	13 	17 	16 	12 	17 	17 	16 	17 	15 	14 	16 	18 	13 	13 	10 	16 	15 	19 	11 	11 	17 	12 	13 	16 	13 	12 	13 	12 	13 	2 	8 	11 	10 	13 	11 	10 	9 	16 	15 	5 	0 	0 	0 	0 	
2 	12 	9 	10 	15 	16 	17 	15 	12 	15 	15 	17 	14 	17 	18 	12 	6 	1 	0 	9 	16 	16 	15 	17 	19 	18 	14 	16 	17 	17 	19 	15 	14 	16 	16 	16 	15 	14 	18 	13 	9 	13 	22 	14 	11 	17 	17 	13 	19 	16 	17 	13 	16 	15 	16 	17 	19 	16 	16 	16 	
14 	16 	14 	14 	15 	18 	11 	13 	12 	14 	17 	14 	17 	18 	12 	16 	12 	5 	17 	13 	16 	18 	17 	16 	13 	18 	17 	18 	15 	17 	17 	19 	17 	16 	17 	14 	19 	16 	16 	16 	9 	15 	13 	14 	12 	16 	8 	15 	15 	16 	14 	18 	20 	19 	15 	17 	18 	20 	16 	16 	
11 	14 	13 	12 	13 	4 	16 	14 	17 	17 	16 	8 	15 	15 	17 	17 	18 	16 	18 	18 	17 	21 	16 	0 	0 	0 	0 	0 	0 	0 	0 	0 	0 	0 	0 	0 	0 	0 	0 	0 	0 	0 	0 	0 	0 	5 	10 	12 	6 	16 	12 	16 	12 	18 	17 	19 	20 	19 	14 	15 	
22 	16 	13 	18 	16 	11 	14 	19 	20 	17 	17 	18 	16 	18 	17 	18 	17 	18 	15 	17 	21 	14 	15 	11 	13 	12 	16 	16 	15 	13 	13 	14 	17 	18 	14 	17 	20 	15 	17 	17 	9 	11 	17 	19 	16 	19 	14 	1 	0 	0 	12 	11 	17 	17 	20 	19 	18 	17 	18 	19 	
17 	14 	22 	15 	17 	19 	14 	16 	1 	11 	17 	18 	14 	15 	18 	14 	17 	19 	3 	0 	0 	0 	0 	0 	0 	0 	0 	0 	0 	0 	0 	0 	0 	0 	0 	0 	3 	14 	16 	13 	15 	9 	13 	17 	19 	17 	14 	15 	17 	16 	15 	17 	17 	16 	12 	21 	18 	20 	17 	18 	
20 	15 	10 	17 	15 	15 	16 	17 	5 	13 	16 	16 	14 	15 	13 	17 	8 	12 	14 	13 	14 	8 	13 	12 	2 	14 	15 	16 	8 	4 	0 	0 	0 	0 	0 	0 	0 	0 	0 	0 	0 	0 	0 	0 	0 	0 	0 	0 	0 	0 	0 	0 	0 	1 	0 	5 	10 	15 	14 	16 	
17 	15 	15 	4 	11 	13 	14 	10 	3 	0 	0 	0 	0 	0 	0 	0 	0 	0 	0 	0 	0 	0 	0 	4 	6 	0 	9 	16 	0 	0 	0 	11 	0 	0 	0 	0 	0 	0 	0 	0 	0 	0 	0 	0 	1 	0 	0 	0 	0 	0 	0 	0 	0 	0 	0 	1 	0 	0 	0 	0 	
0 	0 	0 	0 	0 	0 	0 	0 	0 	0 	1 	0 	0 	4 	1 	1 	0 	0 	0 	0 	0 	0 	0 	2 	1 	0 	0 	1 	0 	0 	0 	0 	0 	0 	0 	0 	0 	1 	0 	0 	0 	0 	0 	0 	0 	0 	0 	1 	0 	0 	0 	0 	0 	0 	0 	0 	1 	2 	1 	0 	
3 	0 	0 	0 	0 	0 	0 	0 	0 	0 	0 	0 	0 	0 	0 	0 	0 	0 	0 	0 	0 	0 	0 	0 	0 	0 	0 	0 	0 	0 	0 	0 	0 	0 	0 	0 	0 	0 	0 	0 	0 	0 	0 	0 	0 	0 	0 	0 	0 	0 	0 	0 	0 	0 	0 	0 	0 	0 	0 	0 	
0 	0 	0 	0 	0 	0 	0 	0 	0 	0 	0 	0 	0 	0 	0 	0 	0 	0 	0 	0 	0 	0 	0 	0 	0 	0 	0 	0 	0 	0 	0 	0 	0 	0 	0 	0 	0 	0 	0 	0 	0 	0 	0 	0 	0 	0 	0 	0 	0 	0 	0 	0 	0 	0 	0 	0 	0 	0 	0 	0 	
0 	0 	0 	0 	0 	0 	0 	0 	0 	0 	0 	0 	0 	0 	0 	0 	0 	0 	0 	0 	0 	0 	0 	0 	0 	0 	0 	0 	0 	0 	0 	0 	0 	0 	0 	0 	0 	0 	0 	0 	0 	0 	0 	0 	0 	0 	0 	0 	0 	0 	0 	0 	0 	0 	0 	0 	0 	0 	0 	0 	
0 	0 	0 	0 	0 	0 	0 	0 	0 	0 	0 	0 	0 	0 	0 	0 	0 	0 	0 	0 	0 	0 	0 	0 	0 	0 	0 	0 	0 	0 	0 	0 	0 	0 	0 	0 	0 	0 	0 	0 	0 	0 	0 	0 	0 	0 	0 	0 	0 	0 	0 	0 	0 	0 	0 	0 	0 	0 	0 	0 	
0 	0 	0 	0 	0 	0 	0 	0 	0 	0 	0 	0 	0 	0 	0 	0 	0 	0 	0 	0 	0 	0 	0 	0 	0 	0 	0 	0 	0 	0 	0 	0 	0 	0 	0 	0 	0 	0 	0 	0 	0 	0 	0 	0 	0 	0 	0 	0 	0 	0 	0 	0 	0 	0 	0 	0 	0 	0 	0 	0 	
0 	0 	0 	0 	0 	0 	0 	0 	0 	0 	0 	0 	0 	0 	0 	0 	0 	0 	0 	0 	0 	0 	0 	0 	0 	0 	0 	0 	0 	0 	0 	0 	0 	0 	0 	0 	0 	0 	0 	0 	0 	0 	0 	0 	0 	0 	0 	0 	0 	0 	0 	0 	0 	0 	0 	0 	0 	0 	0 	0 	
0 	0 	0 	0 	0 	0 	0 	0 	0 	0 	0 	0 	0 	0 	0 	0 	0 	0 	0 	0 	0 	0 	0 	0 	0 	0 	0 	0 	0 	0 	0 	0 	0 	0 	0 	0 	0 	0 	0 	0 	0 	0 	0 	0 	0 	0 	0 	0 	0 	0 	0 	0 	0 	0 	0 	0 	0 	0 	0 	0 	
0 	0 	0 	0 	0 	0 	0 	0 	0 	0 	0 	0 	0 	0 	0 	0 	0 	0 	0 	0 	0 	0 	0 	0 	0 	0 	0 	0 	0 	0 	0 	0 	0 	0 	0 	0 	0 	0 	0 	0 	0 	0 	0 	0 	0 	0 	0 	0 	0 	0 	0 	0 	0 	0 	0 	0 	0 	0 	0 	0 	
0 	0 	0 	0 	0 	0 	0 	0 	0 	0 	0 	0 	0 	0 	0 	0 	0 	0 	0 	0 	0 	0 	0 	0 	0 	0 	0 	0 	0 	0 	0 	0 	0 	0 	0 	0 	0 	0 	0 	0 	0 	0 	0 	0 	0 	0 	0 	0 	0 	0 	0 	0 	0 	0 	0 	0 	0 	0 	0 	0 	
0 	0 	0 	0 	0 	0 	0 	0 	0 	0 	0 	0 	0 	0 	0 	0 	0 	0 	0 	0 	0 	0 	0 	0 	0 	0 	0 	0 	0 	0 	0 	0 	0 	0 	0 	0 	0 	0 	0 	0 	0 	0 	0 	0 	0 	0 	0 	0 	0 	0 	0 	0 	0 	0 	0 	0 	0 	0 	0 	0 	
0 	0 	0 	0 	0 	0 	0 	0 	0 	0 	0 	0 	0 	0 	0 	0 	0 	0 	0 	0 	0 	0 	0 	0 	0 	0 	0 	0 	0 	0 	0 	0 	0 	0 	0 	0 	0 	0 	0 	0 	0 	0 	0 	0 	0 	0 	0 	0 	0 	0 	0 	0 	0 	0 	0 	0 	0 	0 	0 	0 	
0 	0 	0 	0 	0 	0 	0 	0 	0 	0 	0 	0 	0 	0 	0 	0 	0 	0 	0 	0 	0 	0 	0 	0 	0 	0 	0 	0 	0 	0 	0 	0 	0 	0 	0 	0 	0 	0 	0 	0 	0 	0 	0 	0 	0 	0 	0 	0 	0 	0 	0 	0 	0 	0 	0 	0 	0 	0 	0 	0 	
0 	0 	1 	0 	1 	1 	1 	2 	9 	8 	11 	8 	0 	0 	2 	3 	3 	6 	9 	10 	10 	5 	2 	1 	4 	0 	5 	4 	1 	0 	0 	0 	0 	0 	0 	0 	1 	3 	9 	8 	18 	22 	21 	21 	14 	5 	7 	18 	18 	18 	9 	19 	21 	16 	15 	17 	23 	20 	21 	19 	
14 	21 	19 	19 	15 	21 	21 	14 	21 	15 	19 	20 	16 	19 	13 	15 	17 	19 	17 	21 	24 	18 	18 	21 	18 	17 	16 	19 	19 	16 	21 	13 	17 	16 	19 	13 	20 	20 	19 	23 	18 	20 	19 	21 	21 	18 	21 	22 	20 	22 	21 	18 	20 	21 	16 	20 	19 	20 	19 	18 	
16 	20 	20 	24 	19 	17 	17 	22 	16 	22 	11 	21 	18 	19 	16 	21 	20 	18 	19 	21 	18 	20 	20 	19 	20 	21 	22 	20 	16 	16 	16 	8 	13 	18 	18 	20 	18 	18 	19 	20 	19 	20 	17 	15 	17 	14 	16 	17 	14 	13 	17 	10 	20 	17 	18 	19 	20 	16 	23 	18 	
19 	10 	12 	12 	18 	15 	19 	19 	20 	16 	19 	21 	17 	15 	20 	19 	18 	20 	14 	13 	20 	16 	17 	12 	18 	19 	19 	17 	19 	21 	20 	19 	18 	16 	18 	16 	18 	16 	14 	17 	15 	15 	19 	17 	16 	8 	0 	16 	17 	17 	19 	18 	14 	19 	18 	20 	18 	20 	19 	20 	
18 	18 	15 	15 	14 	17 	16 	14 	17 	17 	19 	18 	18 	15 	17 	11 	13 	17 	17 	16 	15 	19 	17 	15 	18 	16 	10 	13 	9 	15 	17 	15 	12 	18 	17 	8 	12 	15 	14 	14 	16 	16 	3 	0 	0 	0 	13 	6 	10 	13 	9 	12 	13 	14 	14 	11 	2 	17 	15 	15 	
15 	14 	17 	17 	14 	15 	14 	16 	14 	13 	16 	12 	14 	15 	12 	11 	13 	13 	14 	14 	9 	11 	0 	0 	0 	0 	0 	0 	0 	0 	0 	0 	0 	0 	0 	0 	0 	0 	0 	0 	5 	10 	13 	12 	11 	13 	10 	7 	12 	11 	15 	16 	15 	16 	16 	15 	15 	16 	18 	14 	
17 	18 	13 	12 	17 	13 	17 	12 	17 	14 	17 	14 	15 	16 	13 	13 	12 	13 	15 	14 	15 	13 	11 	13 	14 	11 	8 	12 	9 	17 	11 	15 	14 	13 	12 	8 	13 	1 	6 	12 	11 	14 	16 	15 	16 	13 	12 	17 	14 	17 	16 	15 	18 	10 	16 	15 	16 	10 	16 	17 	
17 	11 	11 	16 	14 	16 	15 	16 	16 	15 	17 	17 	16 	16 	14 	17 	14 	8 	10 	17 	11 	11 	16 	16 	13 	14 	16 	12 	10 	14 	12 	16 	12 	16 	12 	14 	16 	17 	2 	1 	0 	0 	0 	1 	11 	15 	14 	13 	14 	7 	7 	6 	7 	13 	16 	14 	11 	15 	14 	13 	
14 	15 	16 	12 	15 	18 	17 	17 	12 	12 	17 	13 	14 	12 	16 	14 	16 	16 	15 	16 	15 	18 	18 	12 	14 	17 	10 	18 	18 	11 	17 	19 	15 	15 	16 	17 	15 	15 	0 	0 	0 	0 	0 	0 	0 	0 	0 	0 	0 	0 	0 	0 	0 	8 	12 	13 	15 	14 	12 	18 	
9 	9 	16 	16 	14 	9 	14 	14 	16 	18 	13 	11 	13 	11 	18 	10 	0 	5 	12 	17 	16 	16 	16 	12 	14 	9 	12 	13 	13 	15 	15 	17 	17 	12 	14 	13 	14 	17 	14 	16 	13 	15 	19 	18 	16 	18 	18 	17 	13 	19 	11 	12 	13 	14 	8 	0 	0 	0 	0 	0 	
0 	0 	0 	0 	0 	0 	0 	0 	0 	0 	0 	0 	0 	0 	0 	0 	0 	0 	0 	0 	0 	0 	0 	0 	16 	1 	0 	5 	22 	0 	7 	0 	0 	0 	0 	0 	0 	0 	0 	0 	0 	0 	0 	0 	0 	0 	0 	0 	0 	0 	0 	0 	0 	0 	0 	0 	0 	1 	0 	0 	
0 	0 	0 	0 	0 	0 	0 	0 	0 	0 	0 	0 	0 	1 	0 	0 	6 	3 	0 	0 	0 	0 	0 	0 	0 	0 	0 	0 	0 	0 	0 	0 	0 	0 	0 	0 	0 	0 	0 	0 	1 	3 	3 	2 	5 	0 	0 	0 	0 	0 	0 	0 	0 	0 	0 	5 	3 	0 	0 	0 	
0 	0 	0 	0 	0 	0 	0 	0 	0 	0 	0 	0 	0 	0 	0 	0 	0 	0 	0 	0 	0 	0 	0 	0 	0 	0 	0 	0 	0 	0 	0 	0 	0 	0 	0 	0 	0 	0 	0 	0 	0 	0 	0 	0 	0 	0 	0 	0 	0 	0 	0 	0 	0 	0 	0 	0 	0 	0 	0 	0 	
0 	0 	0 	0 	0 	0 	0 	0 	0 	0 	0 	0 	0 	0 	0 	0 	0 	0 	0 	0 	0 	0 	0 	0 	0 	0 	0 	0 	0 	0 	0 	0 	0 	0 	0 	0 	0 	0 	0 	0 	0 	0 	0 	0 	0 	0 	0 	0 	0 	0 	0 	0 	0 	0 	0 	0 	0 	0 	0 	0 	
0 	0 	0 	0 	0 	0 	0 	0 	0 	0 	0 	0 	0 	0 	0 	0 	0 	0 	0 	0 	0 	0 	0 	0 	0 	0 	0 	0 	0 	0 	0 	0 	0 	0 	0 	0 	0 	0 	0 	0 	0 	0 	0 	0 	0 	0 	0 	0 	0 	0 	0 	0 	0 	0 	0 	0 	0 	0 	0 	0 	
0 	0 	0 	0 	0 	0 	0 	0 	0 	0 	0 	0 	0 	0 	0 	0 	0 	0 	0 	0 	0 	0 	0 	0 	0 	0 	0 	0 	0 	0 	0 	0 	0 	0 	0 	0 	0 	0 	0 	0 	0 	0 	0 	0 	0 	0 	0 	0 	0 	0 	0 	0 	0 	0 	0 	0 	0 	0 	0 	0 	
0 	0 	0 	0 	0 	0 	0 	0 	0 	0 	0 	0 	0 	0 	0 	0 	0 	0 	0 	0 	0 	0 	0 	0 	0 	0 	0 	0 	0 	0 	0 	0 	0 	0 	0 	0 	0 	0 	0 	0 	0 	0 	0 	0 	0 	0 	0 	0 	0 	0 	0 	0 	0 	0 	0 	0 	0 	0 	0 	0 	
0 	0 	0 	0 	0 	0 	0 	0 	0 	0 	0 	0 	0 	0 	0 	0 	0 	0 	0 	0 	0 	0 	0 	0 	0 	0 	0 	0 	0 	0 	0 	0 	0 	0 	0 	0 	0 	0 	0 	0 	0 	0 	0 	0 	0 	0 	0 	0 	0 	0 	0 	0 	0 	0 	0 	0 	0 	0 	0 	0 	
0 	0 	0 	0 	0 	0 	0 	0 	0 	0 	0 	0 	0 	0 	0 	0 	0 	0 	0 	0 	0 	0 	0 	0 	0 	0 	0 	0 	0 	0 	0 	0 	0 	0 	0 	0 	0 	0 	0 	0 	0 	0 	0 	0 	0 	0 	0 	0 	0 	0 	0 	0 	0 	0 	0 	0 	0 	0 	0 	0 	
0 	0 	0 	0 	0 	0 	0 	0 	0 	0 	0 	0 	0 	0 	0 	0 	0 	0 	0 	0 	0 	0 	0 	0 	0 	0 	0 	0 	0 	0 	0 	0 	0 	0 	0 	0 	0 	0 	0 	0 	0 	0 	0 	0 	0 	0 	0 	0 	0 	0 	0 	0 	0 	0 	0 	0 	0 	0 	0 	0 	
0 	0 	0 	0 	0 	0 	0 	0 	0 	0 	0 	0 	0 	0 	0 	0 	0 	0 	0 	0 	0 	0 	0 	0 	0 	0 	0 	0 	0 	0 	0 	0 	0 	0 	0 	0 	0 	0 	0 	0 	0 	0 	0 	0 	0 	0 	0 	0 	0 	0 	0 	0 	0 	0 	0 	0 	0 	0 	0 	0 	
0 	0 	0 	0 	0 	0 	0 	0 	0 	0 	0 	0 	0 	0 	0 	0 	0 	0 	0 	0 	0 	0 	0 	0 	0 	0 	0 	0 	0 	0 	0 	0 	0 	0 	0 	0 	0 	0 	0 	0 	0 	0 	0 	0 	0 	0 	0 	0 	0 	0 	0 	0 	0 	0 	0 	0 	0 	0 	0 	0 	
0 	0 	0 	0 	0 	0 	0 	0 	0 	0 	0 	0 	0 	0 	0 	0 	0 	0 	0 	0 	0 	0 	0 	0 	0 	0 	0 	0 	0 	0 	0 	0 	0 	0 	0 	0 	0 	0 	0 	0 	0 	0 	0 	0 	0 	0 	0 	0 	0 	0 	0 	0 	0 	0 	0 	0 	0 	0 	0 	0 	
0 	0 	0 	0 	0 	0 	0 	0 	0 	0 	0 	0 	0 	0 	0 	0 	0 	0 	0 	0 	0 	0 	0 	0 	0 	0 	0 	0 	0 	0 	0 	0 	0 	0 	0 	0 	0 	0 	0 	0 	0 	0 	0 	0 	0 	0 	0 	0 	0 	0 	0 	0 	0 	0 	0 	0 	0 	0 	0 	0 	
0 	0 	0 	1 	1 	0 	1 	0 	3 	1 	2 	2 	4 	10 	10 	8 	12 	12 	12 	13 	3 	11 	8 	13 	12 	16 	15 	17 	14 	17 	17 	12 	10 	12 	16 	17 	19 	18 	20 	23 	18 	18 	21 	20 	21 	22 	16 	20 	20 	21 	24 	20 	24 	14 	18 	21 	14 	19 	20 	18 	
20 	18 	22 	20 	19 	22 	19 	18 	17 	20 	20 	23 	20 	17 	22 	20 	18 	14 	18 	23 	21 	18 	11 	19 	17 	21 	18 	20 	21 	23 	19 	21 	18 	18 	21 	18 	20 	21 	22 	22 	22 	15 	22 	21 	24 	24 	23 	22 	22 	23 	18 	22 	22 	20 	22 	21 	23 	18 	20 	22 	
21 	20 	23 	25 	21 	22 	24 	20 	24 	18 	17 	15 	15 	21 	17 	19 	22 	19 	16 	22 	16 	18 	13 	23 	15 	24 	16 	22 	14 	14 	18 	14 	21 	19 	20 	20 	20 	23 	22 	21 	21 	18 	16 	13 	19 	21 	16 	22 	20 	20 	23 	12 	16 	19 	17 	20 	17 	19 	19 	22 	
20 	21 	16 	18 	13 	23 	21 	19 	19 	16 	21 	21 	11 	11 	16 	22 	20 	21 	11 	0 	0 	0 	0 	0 	0 	0 	0 	0 	5 	13 	6 	12 	18 	22 	19 	21 	15 	15 	21 	20 	22 	14 	18 	17 	18 	20 	20 	23 	17 	23 	21 	17 	20 	18 	20 	18 	17 	20 	17 	18 	
16 	7 	16 	19 	21 	21 	20 	18 	19 	18 	20 	20 	16 	20 	20 	8 	10 	16 	18 	15 	11 	19 	19 	17 	21 	20 	20 	19 	17 	13 	14 	20 	19 	19 	21 	15 	20 	17 	19 	16 	16 	12 	11 	13 	12 	15 	18 	19 	17 	19 	15 	17 	19 	18 	18 	20 	19 	17 	3 	1 	
20 	20 	18 	20 	16 	13 	15 	15 	17 	16 	17 	4 	20 	18 	20 	20 	19 	13 	10 	14 	18 	17 	10 	17 	18 	20 	16 	14 	16 	19 	21 	19 	18 	15 	21 	17 	18 	20 	17 	16 	17 	16 	16 	18 	13 	17 	19 	15 	1 	0 	1 	2 	0 	0 	0 	0 	0 	8 	19 	16 	
18 	13 	15 	18 	19 	18 	21 	19 	8 	17 	19 	19 	15 	14 	9 	18 	17 	17 	17 	18 	15 	18 	19 	18 	16 	18 	17 	14 	12 	14 	12 	16 	18 	16 	13 	14 	18 	12 	17 	17 	18 	19 	18 	20 	17 	16 	15 	18 	20 	19 	18 	20 	19 	20 	10 	16 	4 	6 	13 	11 	
18 	19 	7 	0 	0 	0 	0 	0 	0 	0 	0 	0 	0 	0 	0 	0 	0 	0 	1 	8 	9 	10 	16 	18 	16 	16 	9 	23 	16 	18 	19 	19 	18 	19 	20 	20 	20 	13 	19 	19 	19 	19 	20 	17 	18 	18 	17 	22 	21 	20 	21 	22 	21 	20 	22 	21 	22 	21 	17 	21 	
16 	19 	20 	22 	14 	10 	14 	15 	15 	9 	12 	20 	15 	21 	22 	21 	19 	14 	21 	22 	20 	17 	18 	22 	19 	18 	21 	19 	20 	19 	12 	12 	8 	0 	9 	16 	18 	13 	14 	17 	18 	15 	20 	19 	18 	14 	12 	17 	16 	9 	4 	2 	11 	13 	8 	12 	11 	11 	10 	11 	
16 	17 	14 	11 	2 	0 	0 	0 	0 	0 	0 	0 	0 	0 	0 	0 	0 	0 	0 	0 	0 	0 	0 	1 	0 	1 	9 	8 	7 	11 	8 	5 	11 	13 	12 	15 	13 	19 	16 	16 	14 	16 	8 	9 	7 	14 	3 	11 	0 	0 	0 	0 	0 	0 	0 	0 	0 	0 	0 	0 	
0 	0 	0 	0 	0 	0 	0 	0 	0 	0 	0 	0 	0 	0 	0 	0 	0 	0 	0 	0 	0 	0 	0 	0 	0 	0 	0 	0 	0 	0 	0 	0 	0 	0 	0 	0 	0 	0 	0 	0 	7 	0 	14 	0 	0 	0 	1 	0 	0 	12 	11 	0 	0 	0 	0 	1 	5 	0 	0 	0 	
0 	0 	0 	0 	0 	0 	0 	0 	0 	0 	0 	0 	0 	0 	0 	0 	0 	0 	0 	0 	0 	0 	0 	0 	0 	0 	0 	1 	2 	0 	1 	3 	2 	2 	0 	0 	0 	0 	0 	0 	0 	0 	0 	0 	0 	0 	0 	0 	0 	0 	0 	0 	0 	4 	6 	5 	6 	4 	1 	1 	
3 	0 	0 	0 	0 	0 	0 	0 	0 	0 	0 	0 	0 	0 	0 	0 	0 	0 	0 	0 	0 	0 	0 	0 	0 	0 	0 	0 	0 	0 	0 	0 	0 	0 	0 	0 	0 	0 	0 	0 	0 	0 	0 	0 	0 	0 	0 	0 	0 	0 	0 	0 	0 	0 	0 	0 	0 	0 	0 	0 	
0 	0 	0 	0 	0 	0 	0 	0 	0 	0 	0 	0 	0 	0 	0 	0 	0 	0 	0 	0 	0 	0 	0 	0 	0 	0 	0 	0 	0 	0 	0 	0 	0 	0 	0 	0 	0 	0 	0 	0 	0 	0 	0 	0 	0 	0 	0 	0 	0 	0 	0 	0 	0 	0 	0 	0 	0 	0 	0 	0 	
0 	0 	0 	0 	0 	0 	0 	0 	0 	0 	0 	0 	0 	0 	0 	0 	0 	0 	0 	0 	0 	0 	0 	0 	0 	0 	0 	0 	0 	0 	0 	0 	0 	0 	0 	0 	0 	0 	0 	0 	0 	0 	0 	0 	0 	0 	0 	0 	0 	0 	0 	0 	0 	0 	0 	0 	0 	0 	0 	0 	
0 	0 	0 	0 	0 	0 	0 	0 	0 	0 	0 	0 	0 	0 	0 	0 	0 	0 	0 	0 	0 	0 	0 	0 	0 	0 	0 	0 	0 	0 	0 	0 	0 	0 	0 	0 	0 	0 	0 	0 	0 	0 	0 	0 	0 	0 	0 	0 	0 	0 	0 	0 	0 	0 	0 	0 	0 	0 	0 	0 	
0 	0 	0 	0 	0 	0 	0 	0 	0 	0 	0 	0 	0 	0 	0 	0 	0 	0 	0 	0 	0 	0 	0 	0 	0 	0 	0 	0 	0 	0 	0 	0 	0 	0 	0 	0 	0 	0 	0 	0 	0 	0 	0 	0 	0 	0 	0 	0 	0 	0 	0 	0 	0 	0 	0 	0 	0 	0 	0 	0 	
0 	0 	0 	0 	0 	0 	0 	0 	0 	0 	0 	0 	0 	0 	0 	0 	0 	0 	0 	0 	0 	0 	0 	0 	0 	0 	0 	0 	0 	0 	0 	0 	0 	0 	0 	0 	0 	0 	0 	0 	0 	0 	0 	0 	0 	0 	0 	0 	0 	0 	0 	0 	0 	0 	0 	0 	0 	0 	0 	0 	
0 	0 	0 	0 	0 	0 	0 	0 	0 	0 	0 	0 	0 	0 	0 	0 	0 	0 	0 	0 	0 	0 	0 	0 	0 	0 	0 	0 	0 	0 	0 	0 	0 	0 	0 	0 	0 	0 	0 	0 	0 	0 	0 	0 	0 	0 	0 	0 	0 	0 	0 	0 	0 	0 	0 	0 	0 	0 	0 	0 	
0 	0 	0 	0 	0 	0 	0 	0 	0 	0 	0 	0 	0 	0 	0 	0 	0 	0 	0 	0 	0 	0 	0 	0 	0 	0 	0 	0 	0 	0 	0 	0 	0 	0 	0 	0 	0 	0 	0 	0 	0 	0 	0 	0 	0 	0 	0 	0 	0 	0 	0 	0 	0 	0 	0 	0 	0 	0 	0 	0 	
0 	0 	0 	0 	0 	0 	0 	0 	0 	0 	0 	0 	0 	0 	0 	0 	0 	0 	0 	0 	0 	0 	0 	0 	0 	0 	0 	0 	0 	0 	0 	0 	0 	0 	0 	0 	0 	0 	0 	0 	0 	0 	0 	0 	0 	0 	0 	0 	0 	0 	0 	0 	0 	0 	0 	0 	0 	0 	0 	0 	
0 	0 	0 	0 	0 	0 	0 	0 	0 	0 	0 	0 	0 	0 	0 	0 	0 	0 	0 	0 	0 	0 	0 	0 	0 	0 	0 	0 	0 	0 	0 	0 	0 	0 	0 	0 	0 	0 	0 	0 	0 	0 	0 	0 	0 	0 	0 	0 	0 	0 	0 	0 	0 	0 	0 	0 	0 	0 	0 	0 	
0 	0 	0 	0 	0 	0 	0 	0 	0 	0 	0 	0 	0 	0 	0 	0 	0 	0 	0 	0 	0 	0 	0 	0 	0 	0 	0 	0 	0 	0 	0 	0 	0 	0 	0 	0 	0 	0 	0 	0 	0 	0 	0 	0 	0 	0 	0 	0 	0 	0 	0 	0 	0 	0 	0 	0 	0 	0 	0 	0 	
0 	0 	0 	0 	0 	0 	0 	0 	0 	0 	0 	0 	0 	0 	0 	0 	0 	0 	0 	0 	0 	0 	0 	0 	0 	0 	0 	0 	0 	0 	0 	0 	0 	0 	0 	0 	0 	0 	0 	0 	0 	0 	0 	0 	0 	0 	0 	0 	0 	0 	0 	0 	0 	0 	0 	0 	0 	0 	0 	0 	
0 	0 	0 	1 	0 	1 	1 	2 	5 	0 	4 	6 	8 	3 	4 	10 	8 	14 	10 	8 	17 	11 	20 	15 	8 	16 	24 	23 	24 	21 	22 	23 	20 	20 	12 	9 	7 	14 	22 	25 	20 	23 	22 	10 	15 	23 	14 	19 	25 	22 	24 	23 	24 	16 	25 	26 	21 	23 	22 	22 	
15 	22 	25 	23 	23 	25 	24 	28 	21 	26 	16 	13 	6 	5 	19 	25 	24 	23 	26 	24 	24 	23 	21 	23 	26 	26 	25 	26 	24 	25 	24 	24 	24 	26 	22 	21 	25 	25 	23 	23 	13 	2 	11 	17 	25 	24 	24 	27 	21 	23 	18 	15 	23 	26 	24 	23 	16 	23 	26 	22 	
21 	21 	23 	22 	23 	23 	23 	24 	10 	9 	12 	18 	18 	19 	19 	17 	15 	17 	18 	19 	17 	3 	3 	13 	20 	22 	24 	19 	24 	23 	26 	26 	25 	24 	14 	22 	23 	18 	24 	24 	21 	22 	19 	23 	23 	21 	16 	7 	23 	22 	25 	26 	23 	10 	21 	24 	18 	22 	21 	19 	
25 	20 	21 	22 	21 	22 	24 	21 	19 	19 	17 	19 	20 	16 	15 	7 	2 	10 	8 	13 	12 	20 	18 	8 	15 	19 	18 	18 	16 	20 	18 	21 	19 	19 	20 	13 	19 	19 	13 	13 	18 	19 	20 	23 	20 	19 	18 	17 	15 	18 	18 	15 	15 	10 	15 	17 	21 	20 	21 	20 	
18 	21 	18 	23 	17 	21 	20 	20 	20 	12 	18 	20 	22 	18 	18 	21 	18 	19 	22 	18 	18 	22 	24 	23 	22 	21 	22 	21 	24 	22 	19 	24 	22 	17 	16 	24 	21 	22 	21 	19 	18 	4 	11 	11 	20 	23 	22 	23 	22 	24 	18 	22 	21 	19 	20 	17 	19 	18 	14 	17 	
18 	12 	13 	20 	20 	22 	22 	21 	20 	17 	19 	17 	4 	0 	0 	0 	7 	19 	14 	13 	17 	14 	20 	23 	20 	22 	23 	19 	16 	13 	18 	15 	18 	13 	18 	13 	14 	16 	19 	13 	7 	16 	22 	21 	20 	20 	23 	21 	22 	20 	20 	20 	19 	15 	16 	15 	17 	18 	19 	22 	
22 	21 	21 	20 	22 	20 	20 	20 	19 	22 	18 	20 	20 	10 	21 	22 	22 	19 	17 	16 	18 	10 	17 	14 	7 	21 	11 	12 	0 	0 	13 	13 	16 	17 	18 	17 	14 	14 	10 	10 	8 	17 	18 	20 	17 	18 	16 	15 	19 	18 	18 	17 	15 	14 	17 	19 	17 	18 	10 	4 	
15 	17 	19 	11 	20 	18 	17 	18 	16 	2 	0 	0 	0 	0 	0 	0 	0 	0 	0 	0 	0 	3 	8 	7 	13 	13 	14 	14 	13 	10 	8 	13 	15 	20 	19 	18 	19 	19 	18 	19 	21 	19 	18 	20 	21 	19 	19 	12 	17 	18 	17 	19 	19 	14 	21 	19 	15 	20 	14 	19 	
21 	18 	16 	15 	8 	17 	17 	16 	18 	15 	13 	13 	9 	14 	18 	17 	17 	18 	18 	17 	18 	17 	20 	16 	17 	15 	17 	17 	19 	20 	20 	20 	17 	13 	9 	5 	10 	12 	17 	18 	18 	17 	19 	15 	16 	10 	16 	16 	18 	17 	19 	14 	8 	7 	14 	16 	19 	17 	17 	18 	
16 	18 	19 	18 	11 	20 	20 	17 	17 	19 	19 	17 	15 	0 	0 	0 	0 	0 	0 	0 	0 	0 	0 	0 	0 	0 	0 	0 	0 	0 	0 	0 	0 	0 	0 	0 	0 	0 	0 	1 	3 	10 	11 	10 	12 	13 	14 	16 	17 	15 	16 	16 	15 	17 	12 	12 	14 	10 	12 	16 	
15 	16 	13 	9 	2 	0 	0 	1 	0 	0 	0 	0 	0 	0 	0 	0 	0 	0 	0 	0 	0 	0 	0 	0 	0 	0 	0 	0 	0 	0 	0 	0 	0 	0 	0 	0 	2 	11 	6 	0 	0 	0 	0 	0 	1 	2 	0 	0 	0 	0 	0 	0 	0 	0 	0 	0 	1 	0 	0 	0 	
0 	0 	0 	0 	0 	0 	0 	0 	0 	0 	0 	0 	0 	0 	0 	0 	0 	0 	1 	0 	0 	0 	0 	0 	0 	0 	0 	0 	0 	0 	0 	0 	0 	0 	0 	0 	0 	0 	0 	0 	0 	0 	0 	0 	8 	8 	3 	0 	0 	0 	4 	0 	0 	0 	0 	0 	6 	5 	5 	4 	
0 	0 	0 	0 	0 	0 	0 	0 	0 	0 	0 	0 	0 	0 	0 	0 	0 	0 	0 	0 	0 	0 	0 	0 	0 	0 	0 	0 	0 	0 	0 	0 	0 	0 	0 	0 	0 	0 	0 	0 	0 	0 	0 	0 	0 	0 	0 	0 	0 	0 	0 	0 	0 	0 	0 	0 	0 	0 	0 	0 	
0 	0 	0 	0 	0 	0 	0 	0 	0 	0 	0 	0 	0 	0 	0 	0 	0 	0 	0 	0 	0 	0 	0 	0 	0 	0 	0 	0 	0 	0 	0 	0 	0 	0 	0 	0 	0 	0 	0 	0 	0 	0 	0 	0 	0 	0 	0 	0 	0 	0 	0 	0 	0 	0 	0 	0 	0 	0 	0 	0 	
0 	0 	0 	0 	0 	0 	0 	0 	0 	0 	0 	0 	0 	0 	0 	0 	0 	0 	0 	0 	0 	0 	0 	0 	0 	0 	0 	0 	0 	0 	0 	0 	0 	0 	0 	0 	0 	0 	0 	0 	0 	0 	0 	0 	0 	0 	0 	0 	0 	0 	0 	0 	0 	0 	0 	0 	0 	0 	0 	0 	
0 	0 	0 	0 	0 	0 	0 	0 	0 	0 	0 	0 	0 	0 	0 	0 	0 	0 	0 	0 	0 	0 	0 	0 	0 	0 	0 	0 	0 	0 	0 	0 	0 	0 	0 	0 	0 	0 	0 	0 	0 	0 	0 	0 	0 	0 	0 	0 	0 	0 	0 	0 	0 	0 	0 	0 	0 	0 	0 	0 	
0 	0 	0 	0 	0 	0 	0 	0 	0 	0 	0 	0 	0 	0 	0 	0 	0 	0 	0 	0 	0 	0 	0 	0 	0 	0 	0 	0 	0 	0 	0 	0 	0 	0 	0 	0 	0 	0 	0 	0 	0 	0 	0 	0 	0 	0 	0 	0 	0 	0 	0 	0 	0 	0 	0 	0 	0 	0 	0 	0 	
0 	0 	0 	0 	0 	0 	0 	0 	0 	0 	0 	0 	0 	0 	0 	0 	0 	0 	0 	0 	0 	0 	0 	0 	0 	0 	0 	0 	0 	0 	0 	0 	0 	0 	0 	0 	0 	0 	0 	0 	0 	0 	0 	0 	0 	0 	0 	0 	0 	0 	0 	0 	0 	0 	0 	0 	0 	0 	0 	0 	
0 	0 	0 	0 	0 	0 	0 	0 	0 	0 	0 	0 	0 	0 	0 	0 	0 	0 	0 	0 	0 	0 	0 	0 	0 	0 	0 	0 	0 	0 	0 	0 	0 	0 	0 	0 	0 	0 	0 	0 	0 	0 	0 	0 	0 	0 	0 	0 	0 	0 	0 	0 	0 	0 	0 	0 	0 	0 	0 	0 	
0 	0 	0 	0 	0 	0 	0 	0 	0 	0 	0 	0 	0 	0 	0 	0 	0 	0 	0 	0 	0 	0 	0 	0 	0 	0 	0 	0 	0 	0 	0 	0 	0 	0 	0 	0 	0 	0 	0 	0 	0 	0 	0 	0 	0 	0 	0 	0 	0 	0 	0 	0 	0 	0 	0 	0 	0 	0 	0 	0 	
0 	0 	0 	0 	0 	0 	0 	0 	0 	0 	0 	0 	0 	0 	0 	0 	0 	0 	0 	0 	0 	0 	0 	0 	0 	0 	0 	0 	0 	0 	0 	0 	0 	0 	0 	0 	0 	0 	0 	0 	0 	0 	0 	0 	0 	0 	0 	0 	0 	0 	0 	0 	0 	0 	0 	0 	0 	0 	0 	0 	
0 	0 	0 	0 	0 	0 	0 	0 	0 	0 	0 	0 	0 	0 	0 	0 	0 	0 	0 	0 	0 	0 	0 	0 	0 	0 	0 	0 	0 	0 	0 	0 	0 	0 	0 	0 	0 	0 	0 	0 	0 	0 	0 	0 	0 	0 	0 	0 	0 	0 	0 	0 	0 	0 	0 	0 	0 	0 	0 	0 	
0 	0 	0 	0 	0 	0 	0 	0 	0 	0 	0 	0 	0 	0 	0 	0 	0 	0 	0 	0 	0 	0 	0 	0 	0 	0 	0 	0 	0 	0 	0 	0 	0 	0 	0 	0 	0 	0 	0 	0 	0 	0 	0 	0 	0 	0 	0 	0 	0 	0 	0 	0 	0 	0 	0 	0 	0 	0 	0 	0 	
0 	0 	0 	0 	0 	0 	0 	0 	0 	0 	0 	0 	0 	0 	0 	0 	0 	0 	0 	0 	0 	0 	0 	0 	0 	0 	0 	0 	0 	0 	0 	0 	0 	0 	0 	0 	0 	0 	0 	0 	0 	0 	0 	0 	0 	0 	0 	0 	0 	0 	0 	0 	0 	0 	0 	0 	0 	0 	0 	0 	
0 	0 	0 	1 	0 	1 	0 	2 	0 	1 	4 	7 	8 	4 	11 	12 	12 	8 	8 	8 	0 	3 	0 	0 	10 	3 	8 	16 	16 	16 	17 	18 	19 	25 	23 	22 	22 	20 	22 	21 	21 	21 	23 	25 	20 	3 	4 	9 	19 	25 	25 	24 	24 	22 	22 	23 	23 	20 	21 	19 	
20 	20 	17 	22 	18 	18 	22 	23 	16 	19 	20 	19 	19 	15 	14 	0 	0 	0 	0 	2 	0 	2 	7 	11 	17 	17 	19 	21 	21 	20 	22 	23 	20 	22 	22 	20 	18 	17 	18 	20 	17 	19 	18 	17 	19 	22 	20 	23 	20 	22 	22 	24 	19 	21 	20 	20 	17 	23 	21 	22 	
19 	20 	22 	23 	21 	0 	0 	0 	9 	17 	21 	22 	23 	24 	23 	22 	20 	22 	22 	24 	25 	26 	23 	22 	21 	20 	24 	22 	21 	21 	22 	22 	21 	21 	23 	24 	20 	19 	19 	20 	18 	18 	12 	0 	0 	12 	23 	22 	23 	26 	22 	23 	22 	22 	22 	20 	23 	24 	24 	21 	
21 	11 	11 	14 	23 	21 	22 	20 	21 	22 	23 	22 	21 	19 	20 	20 	19 	19 	21 	18 	14 	16 	21 	21 	22 	22 	22 	19 	20 	23 	17 	18 	19 	7 	12 	21 	21 	22 	19 	19 	24 	19 	20 	19 	20 	21 	18 	20 	18 	19 	14 	13 	9 	8 	12 	20 	15 	14 	19 	21 	
14 	21 	20 	24 	23 	20 	20 	20 	19 	13 	18 	18 	19 	19 	19 	15 	8 	17 	21 	23 	15 	17 	20 	15 	18 	25 	20 	20 	22 	25 	20 	20 	15 	19 	12 	12 	13 	18 	18 	14 	19 	22 	15 	17 	22 	18 	18 	16 	18 	13 	10 	19 	23 	22 	19 	18 	18 	18 	20 	18 	
17 	1 	0 	0 	0 	0 	0 	0 	0 	0 	0 	0 	0 	0 	0 	0 	1 	5 	13 	15 	18 	17 	18 	18 	18 	19 	20 	16 	19 	21 	17 	10 	17 	16 	14 	11 	13 	12 	17 	16 	16 	18 	20 	19 	17 	13 	13 	15 	20 	19 	18 	19 	18 	14 	15 	14 	19 	15 	8 	4 	
16 	20 	20 	21 	17 	19 	21 	15 	17 	17 	15 	17 	19 	15 	18 	18 	9 	14 	20 	21 	24 	20 	15 	17 	19 	19 	20 	17 	15 	18 	17 	14 	11 	12 	15 	16 	17 	20 	19 	15 	10 	14 	13 	13 	0 	0 	4 	16 	16 	1 	0 	0 	0 	0 	0 	0 	0 	0 	0 	0 	
0 	0 	0 	0 	0 	0 	0 	0 	0 	0 	0 	0 	0 	0 	0 	3 	10 	11 	12 	8 	9 	12 	18 	16 	17 	18 	18 	17 	21 	21 	19 	19 	22 	17 	22 	22 	20 	19 	21 	18 	19 	18 	18 	16 	15 	14 	15 	18 	16 	14 	18 	19 	18 	23 	17 	17 	18 	16 	18 	10 	
3 	17 	16 	18 	17 	13 	14 	17 	18 	14 	21 	20 	15 	19 	19 	18 	15 	14 	19 	11 	10 	6 	2 	0 	0 	0 	0 	0 	0 	0 	0 	0 	0 	0 	0 	0 	0 	0 	0 	0 	0 	0 	0 	0 	0 	0 	0 	0 	0 	0 	1 	6 	13 	6 	5 	13 	11 	16 	15 	18 	
19 	16 	11 	8 	2 	9 	10 	18 	11 	9 	8 	9 	13 	13 	10 	16 	16 	16 	16 	7 	0 	4 	6 	8 	12 	5 	0 	0 	0 	0 	0 	0 	0 	0 	0 	0 	0 	0 	0 	0 	0 	0 	0 	0 	0 	0 	0 	0 	0 	0 	0 	0 	0 	0 	0 	0 	0 	0 	0 	0 	
0 	0 	0 	0 	0 	0 	0 	0 	0 	0 	0 	0 	0 	0 	0 	0 	0 	0 	0 	0 	0 	0 	0 	0 	0 	0 	0 	0 	0 	0 	0 	0 	0 	0 	5 	17 	12 	13 	9 	16 	17 	12 	13 	0 	0 	0 	0 	12 	2 	2 	0 	0 	0 	3 	9 	3 	0 	0 	0 	0 	
9 	3 	0 	0 	4 	0 	0 	0 	0 	0 	0 	4 	6 	0 	0 	0 	0 	0 	0 	0 	0 	0 	0 	0 	0 	0 	0 	0 	0 	0 	1 	0 	0 	1 	0 	0 	0 	0 	0 	0 	0 	0 	0 	0 	0 	0 	1 	0 	0 	0 	0 	0 	1 	0 	0 	1 	0 	2 	0 	0 	
0 	0 	0 	0 	0 	0 	0 	0 	0 	0 	0 	0 	0 	0 	0 	0 	0 	0 	0 	0 	0 	0 	0 	0 	0 	0 	0 	0 	0 	0 	0 	0 	0 	0 	0 	0 	0 	0 	0 	0 	0 	0 	0 	0 	0 	0 	0 	0 	0 	0 	0 	0 	0 	0 	0 	0 	0 	0 	0 	0 	
0 	0 	0 	0 	0 	0 	0 	0 	0 	0 	0 	0 	0 	0 	0 	0 	0 	0 	0 	0 	0 	0 	0 	0 	0 	0 	0 	0 	0 	0 	0 	0 	0 	0 	0 	0 	0 	0 	0 	0 	0 	0 	0 	0 	0 	0 	0 	0 	0 	0 	0 	0 	0 	0 	0 	0 	0 	0 	0 	0 	
0 	0 	0 	0 	0 	0 	0 	0 	0 	0 	0 	0 	0 	0 	0 	0 	0 	0 	0 	0 	0 	0 	0 	0 	0 	0 	0 	0 	0 	0 	0 	0 	0 	0 	0 	0 	0 	0 	0 	0 	0 	0 	0 	0 	0 	0 	0 	0 	0 	0 	0 	0 	0 	0 	0 	0 	0 	0 	0 	0 	
0 	0 	0 	0 	0 	0 	0 	0 	0 	0 	0 	0 	0 	0 	0 	0 	0 	0 	0 	0 	0 	0 	0 	0 	0 	0 	0 	0 	0 	0 	0 	0 	0 	0 	0 	0 	0 	0 	0 	0 	0 	0 	0 	0 	0 	0 	0 	0 	0 	0 	0 	0 	0 	0 	0 	0 	0 	0 	0 	0 	
0 	0 	0 	0 	0 	0 	0 	0 	0 	0 	0 	0 	0 	0 	0 	0 	0 	0 	0 	0 	0 	0 	0 	0 	0 	0 	0 	0 	0 	0 	0 	0 	0 	0 	0 	0 	0 	0 	0 	0 	0 	0 	0 	0 	0 	0 	0 	0 	0 	0 	0 	0 	0 	0 	0 	0 	0 	0 	0 	0 	
0 	0 	0 	0 	0 	0 	0 	0 	0 	0 	0 	0 	0 	0 	0 	0 	0 	0 	0 	0 	0 	0 	0 	0 	0 	0 	0 	0 	0 	0 	0 	0 	0 	0 	0 	0 	0 	0 	0 	0 	0 	0 	0 	0 	0 	0 	0 	0 	0 	0 	0 	0 	0 	0 	0 	0 	0 	0 	0 	0 	
0 	0 	0 	0 	0 	0 	0 	0 	0 	0 	0 	0 	0 	0 	0 	0 	0 	0 	0 	0 	0 	0 	0 	0 	0 	0 	0 	0 	0 	0 	0 	0 	0 	0 	0 	0 	0 	0 	0 	0 	0 	0 	0 	0 	0 	0 	0 	0 	0 	0 	0 	0 	0 	0 	0 	0 	0 	0 	0 	0 	
0 	0 	0 	0 	0 	0 	0 	0 	0 	0 	0 	0 	0 	0 	0 	0 	0 	0 	0 	0 	0 	0 	0 	0 	0 	0 	0 	0 	0 	0 	0 	0 	0 	0 	0 	0 	0 	0 	0 	0 	0 	0 	0 	0 	0 	0 	0 	0 	0 	0 	0 	0 	0 	0 	0 	0 	0 	0 	0 	0 	
0 	0 	0 	0 	0 	0 	0 	0 	0 	0 	0 	0 	0 	0 	0 	0 	0 	0 	0 	0 	0 	0 	0 	0 	0 	0 	0 	0 	0 	0 	0 	0 	0 	0 	0 	0 	0 	0 	0 	0 	0 	0 	0 	0 	0 	0 	0 	0 	0 	0 	0 	0 	0 	0 	0 	0 	0 	0 	0 	0 	
0 	0 	0 	0 	0 	0 	0 	0 	0 	0 	0 	0 	0 	0 	0 	0 	0 	0 	0 	0 	0 	0 	0 	0 	0 	0 	0 	0 	0 	0 	0 	0 	0 	0 	0 	0 	0 	0 	0 	0 	0 	0 	0 	0 	0 	0 	0 	0 	0 	0 	0 	0 	0 	0 	0 	0 	0 	0 	0 	0 	
0 	0 	0 	0 	0 	0 	0 	0 	0 	0 	0 	0 	0 	0 	0 	0 	0 	0 	0 	0 	0 	0 	0 	0 	0 	0 	0 	0 	0 	0 	0 	0 	0 	0 	0 	0 	0 	0 	0 	0 	0 	0 	0 	0 	0 	0 	0 	0 	0 	0 	0 	0 	0 	0 	0 	0 	0 	0 	0 	0 	
0 	0 	0 	0 	0 	0 	0 	0 	0 	0 	0 	0 	0 	0 	0 	0 	0 	0 	0 	0 	0 	0 	0 	0 	0 	0 	0 	0 	0 	0 	0 	0 	0 	0 	0 	0 	0 	0 	0 	0 	0 	0 	0 	0 	0 	0 	0 	0 	0 	0 	0 	0 	0 	0 	0 	0 	0 	0 	0 	0 	
0 	0 	0 	0 	1 	1 	0 	1 	3 	8 	3 	2 	8 	8 	14 	11 	13 	6 	0 	0 	0 	4 	13 	16 	0 	7 	18 	22 	6 	9 	11 	17 	16 	20 	18 	15 	17 	24 	17 	16 	20 	14 	0 	0 	0 	0 	0 	0 	0 	0 	3 	12 	8 	8 	17 	20 	21 	20 	18 	23 	
18 	17 	16 	22 	13 	20 	19 	10 	22 	19 	19 	21 	20 	19 	20 	22 	19 	19 	20 	9 	14 	9 	0 	10 	20 	22 	22 	22 	20 	24 	20 	18 	19 	20 	19 	19 	25 	22 	24 	19 	20 	25 	21 	18 	18 	20 	21 	18 	18 	19 	21 	17 	19 	19 	18 	18 	16 	18 	15 	18 	
19 	20 	11 	20 	21 	19 	17 	19 	20 	20 	21 	21 	22 	18 	16 	15 	18 	21 	19 	21 	18 	19 	18 	14 	16 	19 	21 	22 	21 	21 	23 	18 	17 	23 	16 	19 	20 	16 	19 	21 	20 	19 	19 	20 	15 	16 	14 	16 	1 	0 	8 	22 	25 	24 	20 	21 	21 	21 	20 	21 	
22 	21 	20 	20 	17 	18 	18 	16 	19 	17 	18 	20 	19 	21 	20 	20 	19 	21 	22 	23 	16 	24 	23 	23 	21 	22 	23 	18 	14 	18 	22 	19 	20 	20 	20 	17 	11 	18 	19 	20 	21 	20 	3 	0 	8 	23 	22 	22 	22 	21 	20 	23 	21 	20 	26 	19 	22 	19 	22 	18 	
19 	22 	18 	20 	15 	18 	20 	17 	16 	0 	13 	16 	10 	17 	8 	6 	13 	17 	19 	22 	19 	20 	17 	9 	11 	20 	19 	20 	20 	22 	18 	21 	21 	19 	23 	21 	19 	18 	22 	18 	18 	17 	17 	20 	20 	19 	5 	0 	2 	13 	22 	19 	16 	17 	16 	13 	16 	17 	20 	11 	
10 	14 	11 	11 	14 	13 	13 	10 	18 	15 	15 	17 	15 	17 	21 	20 	18 	3 	1 	13 	19 	23 	22 	22 	22 	22 	25 	21 	20 	20 	17 	20 	23 	20 	23 	20 	20 	20 	23 	20 	21 	21 	21 	19 	21 	23 	24 	21 	21 	22 	20 	20 	20 	20 	20 	20 	25 	21 	24 	25 	
23 	11 	13 	16 	19 	19 	17 	24 	21 	20 	24 	25 	24 	21 	11 	18 	25 	23 	24 	21 	15 	25 	19 	21 	22 	26 	23 	16 	23 	23 	23 	22 	20 	20 	26 	22 	22 	23 	21 	21 	22 	23 	24 	20 	21 	21 	22 	20 	22 	23 	21 	22 	23 	22 	23 	17 	22 	16 	24 	20 	
23 	22 	13 	9 	21 	21 	20 	22 	26 	22 	10 	20 	17 	19 	16 	0 	18 	25 	23 	27 	23 	25 	25 	24 	26 	24 	26 	22 	23 	24 	21 	24 	24 	23 	24 	24 	23 	23 	12 	0 	15 	21 	21 	22 	21 	24 	20 	28 	22 	23 	19 	21 	20 	16 	16 	5 	0 	5 	21 	20 	
21 	21 	6 	13 	9 	16 	14 	24 	24 	24 	25 	20 	23 	22 	19 	8 	7 	13 	19 	9 	0 	0 	0 	0 	0 	0 	0 	0 	0 	0 	0 	0 	0 	0 	0 	0 	0 	0 	18 	20 	18 	21 	19 	20 	18 	16 	16 	13 	8 	0 	6 	7 	13 	19 	7 	0 	0 	0 	0 	0 	
0 	0 	0 	0 	0 	0 	0 	0 	0 	0 	0 	0 	0 	0 	0 	0 	0 	7 	10 	11 	1 	5 	4 	9 	10 	5 	12 	18 	16 	10 	18 	18 	15 	20 	13 	5 	9 	9 	0 	0 	0 	0 	0 	0 	0 	0 	0 	0 	0 	0 	0 	0 	0 	0 	0 	0 	0 	0 	0 	0 	
0 	0 	0 	0 	0 	0 	0 	0 	0 	0 	0 	0 	0 	0 	0 	0 	0 	0 	0 	0 	0 	0 	0 	0 	0 	0 	0 	0 	0 	0 	0 	0 	0 	14 	0 	4 	22 	3 	0 	0 	0 	0 	0 	0 	0 	12 	9 	1 	0 	0 	0 	0 	0 	0 	0 	0 	0 	0 	0 	0 	
0 	0 	0 	0 	1 	0 	0 	0 	0 	0 	0 	0 	0 	0 	0 	0 	0 	0 	0 	0 	0 	0 	0 	0 	0 	0 	8 	6 	0 	0 	0 	6 	0 	1 	6 	0 	0 	0 	0 	0 	0 	0 	0 	0 	0 	0 	10 	6 	8 	6 	0 	0 	0 	0 	0 	0 	0 	0 	0 	7 	
10 	5 	0 	0 	0 	0 	0 	0 	0 	0 	0 	0 	0 	0 	0 	0 	0 	0 	0 	0 	0 	0 	0 	0 	0 	0 	0 	0 	0 	0 	0 	0 	0 	0 	0 	0 	0 	0 	0 	0 	0 	0 	0 	0 	0 	0 	0 	0 	0 	0 	0 	0 	0 	0 	0 	0 	0 	0 	0 	0 	
0 	0 	0 	0 	0 	0 	0 	0 	0 	0 	0 	0 	0 	0 	0 	0 	0 	0 	0 	0 	0 	0 	0 	0 	0 	0 	0 	0 	0 	0 	0 	0 	0 	0 	0 	0 	0 	0 	0 	0 	0 	0 	0 	0 	0 	0 	0 	0 	0 	0 	0 	0 	0 	0 	0 	0 	0 	0 	0 	0 	
0 	0 	0 	0 	0 	0 	0 	0 	0 	0 	0 	0 	0 	0 	0 	0 	0 	0 	0 	0 	0 	0 	0 	0 	0 	0 	0 	0 	0 	0 	0 	0 	0 	0 	0 	0 	0 	0 	0 	0 	0 	0 	0 	0 	0 	0 	0 	0 	0 	0 	0 	0 	0 	0 	0 	0 	0 	0 	0 	0 	
0 	0 	0 	0 	0 	0 	0 	0 	0 	0 	0 	0 	0 	0 	0 	0 	0 	0 	0 	0 	0 	0 	0 	0 	0 	0 	0 	0 	0 	0 	0 	0 	0 	0 	0 	0 	0 	0 	0 	0 	0 	0 	0 	0 	0 	0 	0 	0 	0 	0 	0 	0 	0 	0 	0 	0 	0 	0 	0 	0 	
0 	0 	0 	0 	0 	0 	0 	0 	0 	0 	0 	0 	0 	0 	0 	0 	0 	0 	0 	0 	0 	0 	0 	0 	0 	0 	0 	0 	0 	0 	0 	0 	0 	0 	0 	0 	0 	0 	0 	0 	0 	0 	0 	0 	0 	0 	0 	0 	0 	0 	0 	0 	0 	0 	0 	0 	0 	0 	0 	0 	
0 	0 	0 	0 	0 	0 	0 	0 	0 	0 	0 	0 	0 	0 	0 	0 	0 	0 	0 	0 	0 	0 	0 	0 	0 	0 	0 	0 	0 	0 	0 	0 	0 	0 	0 	0 	0 	0 	0 	0 	0 	0 	0 	0 	0 	0 	0 	0 	0 	0 	0 	0 	0 	0 	0 	0 	0 	0 	0 	0 	
0 	0 	0 	0 	0 	0 	0 	0 	0 	0 	0 	0 	0 	0 	0 	0 	0 	0 	0 	0 	0 	0 	0 	0 	0 	0 	0 	0 	0 	0 	0 	0 	0 	0 	0 	0 	0 	0 	0 	0 	0 	0 	0 	0 	0 	0 	0 	0 	0 	0 	0 	0 	0 	0 	0 	0 	0 	0 	0 	0 	
0 	0 	0 	0 	0 	0 	0 	0 	0 	0 	0 	0 	0 	0 	0 	0 	0 	0 	0 	0 	0 	0 	0 	0 	0 	0 	0 	0 	0 	0 	0 	0 	0 	0 	0 	0 	0 	0 	0 	0 	0 	0 	0 	0 	0 	0 	0 	0 	0 	0 	0 	0 	0 	0 	0 	0 	0 	0 	0 	0 	
0 	0 	0 	0 	0 	0 	0 	0 	0 	0 	0 	0 	0 	0 	0 	0 	0 	0 	0 	0 	0 	0 	0 	0 	0 	0 	0 	0 	0 	0 	0 	0 	0 	0 	0 	0 	0 	0 	0 	0 	0 	0 	0 	0 	0 	0 	0 	0 	0 	0 	0 	0 	0 	0 	0 	0 	0 	0 	0 	0 	
0 	0 	0 	0 	0 	0 	0 	0 	0 	0 	0 	0 	0 	0 	0 	0 	0 	0 	0 	0 	0 	0 	0 	0 	0 	0 	0 	0 	0 	0 	0 	0 	0 	0 	0 	0 	0 	0 	0 	0 	0 	0 	0 	0 	0 	0 	0 	0 	0 	0 	0 	0 	0 	0 	0 	0 	0 	0 	0 	0 	
0 	0 	0 	0 	0 	0 	0 	0 	0 	0 	0 	0 	0 	0 	0 	0 	0 	0 	0 	0 	0 	0 	0 	0 	0 	0 	0 	0 	0 	0 	0 	0 	0 	0 	0 	0 	0 	0 	0 	0 	0 	0 	0 	0 	0 	0 	0 	0 	0 	0 	0 	0 	0 	0 	0 	0 	0 	0 	0 	0 	
0 	0 	0 	0 	0 	0 	0 	0 	0 	0 	0 	0 	0 	0 	0 	0 	0 	0 	0 	0 	0 	0 	0 	0 	0 	0 	0 	0 	0 	0 	0 	0 	0 	0 	0 	0 	0 	0 	0 	0 	0 	0 	0 	0 	0 	0 	0 	0 	0 	0 	0 	0 	0 	0 	0 	0 	0 	0 	0 	0 	
0 	0 	0 	1 	1 	0 	3 	4 	0 	2 	3 	5 	5 	7 	8 	5 	7 	12 	11 	14 	19 	8 	14 	13 	6 	14 	19 	20 	21 	23 	15 	19 	22 	16 	17 	18 	20 	18 	18 	16 	6 	11 	13 	24 	21 	21 	25 	25 	22 	20 	19 	18 	20 	21 	22 	21 	21 	22 	22 	23 	
22 	23 	21 	25 	23 	22 	24 	23 	23 	22 	22 	23 	11 	0 	0 	0 	0 	20 	26 	25 	23 	23 	25 	25 	22 	4 	29 	23 	27 	25 	16 	11 	5 	11 	16 	24 	23 	22 	22 	23 	23 	23 	22 	21 	22 	20 	27 	23 	25 	20 	21 	21 	26 	23 	22 	23 	18 	14 	0 	11 	
22 	25 	23 	21 	24 	23 	20 	20 	22 	25 	25 	26 	22 	19 	18 	23 	10 	10 	26 	23 	20 	24 	19 	19 	21 	13 	10 	12 	18 	26 	20 	25 	23 	23 	24 	18 	24 	21 	23 	20 	20 	13 	24 	24 	25 	23 	24 	24 	23 	24 	28 	25 	25 	23 	24 	25 	26 	26 	21 	25 	
27 	23 	25 	24 	24 	25 	23 	19 	22 	6 	20 	22 	23 	9 	14 	20 	22 	19 	9 	22 	25 	26 	29 	26 	22 	22 	26 	24 	22 	25 	24 	16 	13 	21 	23 	20 	25 	22 	24 	20 	25 	21 	21 	23 	7 	4 	15 	18 	25 	20 	21 	24 	23 	20 	16 	9 	16 	22 	23 	27 	
19 	10 	20 	20 	24 	24 	12 	0 	0 	0 	0 	0 	0 	0 	0 	0 	0 	0 	0 	0 	3 	18 	17 	19 	8 	24 	23 	25 	21 	19 	25 	25 	24 	24 	26 	23 	12 	17 	13 	10 	21 	25 	26 	22 	20 	18 	17 	22 	19 	20 	21 	25 	22 	21 	21 	22 	22 	21 	20 	20 	
24 	22 	23 	22 	24 	26 	24 	24 	18 	25 	20 	21 	24 	20 	24 	21 	20 	10 	21 	20 	20 	16 	10 	15 	22 	24 	22 	20 	18 	21 	23 	19 	21 	21 	25 	7 	23 	27 	28 	23 	24 	18 	21 	25 	23 	20 	7 	22 	25 	18 	10 	24 	23 	24 	21 	21 	21 	24 	26 	23 	
24 	23 	25 	21 	22 	12 	21 	22 	26 	23 	24 	25 	20 	22 	25 	10 	17 	17 	20 	21 	24 	25 	24 	4 	14 	25 	24 	24 	14 	24 	27 	23 	24 	23 	25 	20 	24 	21 	22 	23 	24 	24 	21 	11 	8 	19 	21 	23 	18 	0 	0 	0 	0 	0 	8 	12 	23 	24 	23 	24 	
22 	25 	23 	21 	24 	23 	24 	24 	22 	13 	20 	18 	14 	25 	21 	26 	25 	25 	14 	23 	22 	27 	18 	25 	24 	26 	22 	11 	0 	0 	0 	0 	0 	0 	0 	0 	0 	0 	0 	0 	0 	0 	0 	0 	0 	0 	0 	0 	0 	0 	1 	9 	9 	11 	15 	17 	23 	23 	20 	19 	
11 	14 	25 	20 	23 	23 	21 	14 	18 	18 	21 	22 	19 	12 	0 	0 	0 	0 	0 	0 	0 	0 	0 	0 	0 	0 	0 	0 	0 	0 	0 	0 	0 	4 	1 	7 	8 	16 	20 	16 	21 	11 	17 	21 	22 	21 	11 	18 	22 	20 	18 	23 	18 	17 	17 	26 	23 	22 	21 	22 	
22 	22 	2 	7 	20 	22 	21 	15 	2 	15 	24 	21 	22 	16 	1 	17 	18 	19 	16 	19 	20 	19 	24 	20 	22 	4 	2 	10 	20 	23 	8 	7 	15 	0 	0 	0 	0 	0 	0 	0 	0 	0 	0 	0 	0 	0 	0 	0 	0 	0 	0 	0 	0 	0 	0 	0 	0 	0 	0 	0 	
0 	0 	0 	0 	0 	0 	0 	0 	0 	0 	0 	0 	0 	0 	0 	0 	0 	0 	0 	0 	0 	0 	1 	0 	0 	0 	0 	0 	0 	0 	0 	0 	3 	10 	0 	0 	2 	2 	0 	4 	14 	2 	0 	0 	8 	17 	19 	15 	2 	2 	11 	13 	1 	0 	0 	0 	0 	0 	0 	0 	
0 	0 	0 	0 	0 	0 	0 	0 	0 	1 	0 	0 	0 	0 	0 	0 	0 	0 	0 	0 	0 	0 	0 	0 	0 	0 	0 	0 	0 	0 	0 	7 	0 	0 	0 	0 	0 	0 	0 	0 	0 	0 	0 	0 	0 	0 	0 	0 	0 	0 	0 	0 	0 	0 	4 	3 	6 	7 	8 	5 	
1 	0 	0 	0 	0 	0 	0 	0 	0 	0 	0 	0 	0 	0 	0 	0 	0 	0 	0 	0 	0 	0 	0 	0 	0 	0 	0 	0 	0 	0 	0 	0 	0 	0 	0 	0 	0 	0 	0 	0 	0 	0 	0 	0 	0 	0 	0 	0 	0 	0 	0 	0 	0 	0 	0 	0 	0 	0 	0 	0 	
0 	0 	0 	0 	0 	0 	0 	0 	0 	0 	0 	0 	0 	0 	0 	0 	0 	0 	0 	0 	0 	0 	0 	0 	0 	0 	0 	0 	0 	0 	0 	0 	0 	0 	0 	0 	0 	0 	0 	0 	0 	0 	0 	0 	0 	0 	0 	0 	0 	0 	0 	0 	0 	0 	0 	0 	0 	0 	0 	0 	
0 	0 	0 	0 	0 	0 	0 	0 	0 	0 	0 	0 	0 	0 	0 	0 	0 	0 	0 	0 	0 	0 	0 	0 	0 	0 	0 	0 	0 	0 	0 	0 	0 	0 	0 	0 	0 	0 	0 	0 	0 	0 	0 	0 	0 	0 	0 	0 	0 	0 	0 	0 	0 	0 	0 	0 	0 	0 	0 	0 	
0 	0 	0 	0 	0 	0 	0 	0 	0 	0 	0 	0 	0 	0 	0 	0 	0 	0 	0 	0 	0 	0 	0 	0 	0 	0 	0 	0 	0 	0 	0 	0 	0 	0 	0 	0 	0 	0 	0 	0 	0 	0 	0 	0 	0 	0 	0 	0 	0 	0 	0 	0 	0 	0 	0 	0 	0 	0 	0 	0 	
0 	0 	0 	0 	0 	0 	0 	0 	0 	0 	0 	0 	0 	0 	0 	0 	0 	0 	0 	0 	0 	0 	0 	0 	0 	0 	0 	0 	0 	0 	0 	0 	0 	0 	0 	0 	0 	0 	0 	0 	0 	0 	0 	0 	0 	0 	0 	0 	0 	0 	0 	0 	0 	0 	0 	0 	0 	0 	0 	0 	
0 	0 	0 	0 	0 	0 	0 	0 	0 	0 	0 	0 	0 	0 	0 	0 	0 	0 	0 	0 	0 	0 	0 	0 	0 	0 	0 	0 	0 	0 	0 	0 	0 	0 	0 	0 	0 	0 	0 	0 	0 	0 	0 	0 	0 	0 	0 	0 	0 	0 	0 	0 	0 	0 	0 	0 	0 	0 	0 	0 	
0 	0 	0 	0 	0 	0 	0 	0 	0 	0 	0 	0 	0 	0 	0 	0 	0 	0 	0 	0 	0 	0 	0 	0 	0 	0 	0 	0 	0 	0 	0 	0 	0 	0 	0 	0 	0 	0 	0 	0 	0 	0 	0 	0 	0 	0 	0 	0 	0 	0 	0 	0 	0 	0 	0 	0 	0 	0 	0 	0 	
0 	0 	0 	0 	0 	0 	0 	0 	0 	0 	0 	0 	0 	0 	0 	0 	0 	0 	0 	0 	0 	0 	0 	0 	0 	0 	0 	0 	0 	0 	0 	0 	0 	0 	0 	0 	0 	0 	0 	0 	0 	0 	0 	0 	0 	0 	0 	0 	0 	0 	0 	0 	0 	0 	0 	0 	0 	0 	0 	0 	
0 	0 	0 	0 	0 	0 	0 	0 	0 	0 	0 	0 	0 	0 	0 	0 	0 	0 	0 	0 	0 	0 	0 	0 	0 	0 	0 	0 	0 	0 	0 	0 	0 	0 	0 	0 	0 	0 	0 	0 	0 	0 	0 	0 	0 	0 	0 	0 	0 	0 	0 	0 	0 	0 	0 	0 	0 	0 	0 	0 	
0 	0 	0 	0 	0 	0 	0 	0 	0 	0 	0 	0 	0 	0 	0 	0 	0 	0 	0 	0 	0 	0 	0 	0 	0 	0 	0 	0 	0 	0 	0 	0 	0 	0 	0 	0 	0 	0 	0 	0 	0 	0 	0 	0 	0 	0 	0 	0 	0 	0 	0 	0 	0 	0 	0 	0 	0 	0 	0 	0 	
0 	0 	0 	0 	0 	0 	0 	0 	0 	0 	0 	0 	0 	0 	0 	0 	0 	0 	0 	0 	0 	0 	0 	0 	0 	0 	0 	0 	0 	0 	0 	0 	0 	0 	0 	0 	0 	0 	0 	0 	0 	0 	0 	0 	0 	0 	0 	0 	0 	0 	0 	0 	0 	0 	0 	0 	0 	0 	0 	0 	
0 	0 	0 	0 	0 	0 	0 	0 	0 	0 	0 	0 	0 	0 	0 	0 	0 	0 	0 	0 	0 	0 	0 	0 	0 	0 	0 	0 	0 	0 	0 	0 	0 	0 	0 	0 	0 	0 	0 	0 	0 	0 	0 	0 	0 	0 	0 	0 	0 	0 	0 	0 	0 	0 	0 	0 	0 	0 	0 	0 	
0 	0 	0 	1 	1 	1 	2 	9 	4 	2 	8 	10 	8 	10 	3 	5 	7 	4 	5 	7 	9 	7 	1 	6 	5 	12 	19 	3 	2 	3 	4 	1 	1 	0 	0 	0 	0 	0 	0 	0 	0 	0 	0 	0 	16 	17 	12 	17 	28 	24 	24 	22 	23 	25 	25 	6 	10 	10 	6 	3 	
4 	2 	1 	0 	2 	6 	1 	0 	7 	25 	28 	22 	28 	26 	29 	28 	17 	13 	21 	23 	25 	23 	22 	23 	22 	21 	26 	22 	27 	27 	26 	21 	24 	26 	24 	26 	27 	28 	21 	11 	23 	24 	25 	26 	26 	25 	28 	28 	30 	25 	28 	26 	26 	27 	25 	16 	13 	27 	31 	25 	
26 	24 	27 	25 	24 	20 	23 	26 	27 	26 	20 	8 	8 	25 	24 	29 	26 	24 	24 	23 	25 	20 	7 	17 	25 	27 	23 	16 	19 	24 	25 	24 	20 	23 	20 	26 	24 	24 	17 	10 	15 	20 	24 	19 	27 	25 	28 	19 	16 	25 	23 	25 	24 	25 	20 	23 	23 	23 	21 	21 	
23 	24 	23 	19 	6 	8 	23 	23 	22 	23 	26 	24 	24 	27 	15 	21 	20 	24 	9 	7 	18 	25 	21 	22 	22 	22 	24 	21 	25 	20 	12 	10 	18 	20 	23 	20 	19 	21 	22 	25 	23 	12 	20 	25 	22 	15 	7 	7 	10 	13 	6 	0 	0 	0 	7 	26 	22 	23 	18 	22 	
22 	21 	23 	23 	21 	24 	23 	20 	15 	9 	15 	16 	20 	13 	16 	21 	18 	20 	17 	18 	19 	19 	9 	17 	19 	16 	16 	15 	6 	15 	17 	14 	19 	13 	20 	3 	0 	0 	0 	0 	0 	0 	0 	0 	0 	0 	4 	10 	9 	17 	13 	19 	21 	24 	23 	22 	25 	19 	25 	20 	
24 	18 	18 	20 	23 	23 	25 	22 	22 	20 	21 	20 	11 	19 	21 	22 	20 	23 	25 	22 	22 	25 	23 	22 	21 	22 	0 	0 	0 	0 	0 	0 	0 	0 	0 	0 	0 	0 	0 	0 	0 	4 	8 	16 	18 	20 	17 	19 	19 	16 	14 	15 	16 	12 	16 	6 	0 	0 	0 	0 	
0 	0 	0 	0 	0 	0 	0 	0 	0 	0 	0 	0 	0 	0 	0 	0 	0 	0 	0 	0 	0 	0 	0 	0 	0 	0 	0 	0 	1 	12 	18 	18 	19 	15 	14 	14 	19 	15 	20 	3 	0 	0 	0 	0 	0 	0 	0 	0 	0 	0 	0 	0 	0 	0 	0 	0 	0 	0 	0 	0 	
0 	5 	1 	0 	0 	0 	0 	0 	0 	0 	0 	0 	0 	0 	0 	0 	0 	0 	0 	0 	0 	0 	5 	6 	6 	9 	12 	8 	8 	4 	6 	7 	3 	0 	0 	0 	0 	0 	0 	0 	0 	0 	0 	0 	0 	0 	0 	0 	0 	0 	0 	0 	0 	0 	0 	0 	0 	0 	0 	0 	
0 	0 	0 	0 	0 	0 	0 	0 	0 	0 	0 	0 	0 	0 	0 	0 	0 	0 	0 	0 	0 	0 	0 	0 	0 	0 	0 	0 	0 	0 	0 	0 	0 	0 	0 	0 	0 	0 	0 	0 	0 	0 	0 	0 	0 	0 	0 	0 	0 	0 	0 	0 	0 	0 	0 	0 	0 	0 	0 	0 	
0 	0 	0 	0 	0 	0 	0 	0 	0 	0 	0 	0 	0 	0 	0 	0 	0 	0 	0 	0 	0 	0 	0 	0 	0 	0 	0 	0 	0 	0 	0 	0 	0 	0 	1 	5 	2 	0 	0 	0 	0 	0 	0 	0 	0 	0 	0 	0 	0 	0 	0 	0 	0 	0 	0 	0 	0 	0 	0 	0 	
0 	0 	0 	0 	0 	0 	0 	0 	0 	0 	0 	0 	0 	0 	0 	0 	0 	0 	0 	0 	0 	0 	0 	0 	0 	0 	0 	0 	0 	0 	0 	0 	0 	1 	0 	6 	5 	16 	6 	0 	0 	0 	0 	0 	0 	11 	3 	0 	1 	0 	0 	0 	0 	0 	0 	0 	0 	0 	0 	0 	
0 	0 	0 	0 	0 	0 	0 	0 	0 	1 	3 	0 	0 	0 	0 	0 	0 	0 	0 	0 	0 	0 	0 	0 	0 	2 	0 	0 	1 	0 	0 	0 	0 	0 	0 	3 	0 	0 	0 	1 	0 	0 	0 	0 	1 	0 	0 	0 	1 	6 	10 	16 	11 	14 	5 	2 	0 	4 	1 	4 	
0 	0 	0 	0 	0 	0 	0 	0 	0 	0 	0 	0 	0 	0 	0 	0 	0 	0 	0 	0 	0 	0 	0 	0 	0 	0 	0 	0 	0 	0 	0 	0 	0 	0 	0 	0 	0 	0 	0 	0 	0 	0 	0 	0 	0 	0 	0 	0 	0 	0 	0 	0 	0 	0 	0 	0 	0 	0 	0 	0 	
0 	0 	0 	0 	0 	0 	0 	0 	0 	0 	0 	0 	0 	0 	0 	0 	0 	0 	0 	0 	0 	0 	0 	0 	0 	0 	0 	0 	0 	0 	0 	0 	0 	0 	0 	0 	0 	0 	0 	0 	0 	0 	0 	0 	0 	0 	0 	0 	0 	0 	0 	0 	0 	0 	0 	0 	0 	0 	0 	0 	
0 	0 	0 	0 	0 	0 	0 	0 	0 	0 	0 	0 	0 	0 	0 	0 	0 	0 	0 	0 	0 	0 	0 	0 	0 	0 	0 	0 	0 	0 	0 	0 	0 	0 	0 	0 	0 	0 	0 	0 	0 	0 	0 	0 	0 	0 	0 	0 	0 	0 	0 	0 	0 	0 	0 	0 	0 	0 	0 	0 	
0 	0 	0 	0 	0 	0 	0 	0 	0 	0 	0 	0 	0 	0 	0 	0 	0 	0 	0 	0 	0 	0 	0 	0 	0 	0 	0 	0 	0 	0 	0 	0 	0 	0 	0 	0 	0 	0 	0 	0 	0 	0 	0 	0 	0 	0 	0 	0 	0 	0 	0 	0 	0 	0 	0 	0 	0 	0 	0 	0 	
0 	0 	0 	0 	0 	0 	0 	0 	0 	0 	0 	0 	0 	0 	0 	0 	0 	0 	0 	0 	0 	0 	0 	0 	0 	0 	0 	0 	0 	0 	0 	0 	0 	0 	0 	0 	0 	0 	0 	0 	0 	0 	0 	0 	0 	0 	0 	0 	0 	0 	0 	0 	0 	0 	0 	0 	0 	0 	0 	0 	
0 	0 	0 	0 	0 	0 	0 	0 	0 	0 	0 	0 	0 	0 	0 	0 	0 	0 	0 	0 	0 	0 	0 	0 	0 	0 	0 	0 	0 	0 	0 	0 	0 	0 	0 	0 	0 	0 	0 	0 	0 	0 	0 	0 	0 	0 	0 	0 	0 	0 	0 	0 	0 	0 	0 	0 	0 	0 	0 	0 	
0 	0 	0 	0 	0 	0 	0 	0 	0 	0 	0 	0 	0 	0 	0 	0 	0 	0 	0 	0 	0 	0 	0 	0 	0 	0 	0 	0 	0 	0 	0 	0 	0 	0 	0 	0 	0 	0 	0 	0 	0 	0 	0 	0 	0 	0 	0 	0 	0 	0 	0 	0 	0 	0 	0 	0 	0 	0 	0 	0 	
0 	0 	0 	0 	0 	0 	0 	0 	0 	0 	0 	0 	0 	0 	0 	0 	0 	0 	0 	0 	0 	0 	0 	0 	0 	0 	0 	0 	0 	0 	0 	0 	0 	0 	0 	0 	0 	0 	0 	0 	0 	0 	0 	0 	0 	0 	0 	0 	0 	0 	0 	0 	0 	0 	0 	0 	0 	0 	0 	0 	
0 	0 	0 	0 	0 	0 	0 	0 	0 	0 	0 	0 	0 	0 	0 	0 	0 	0 	0 	0 	0 	0 	0 	0 	0 	0 	0 	0 	0 	0 	0 	0 	0 	0 	0 	0 	0 	0 	0 	0 	0 	0 	0 	0 	0 	0 	0 	0 	0 	0 	0 	0 	0 	0 	0 	0 	0 	0 	0 	0 	
0 	0 	0 	0 	0 	0 	0 	0 	0 	0 	0 	0 	0 	0 	0 	0 	0 	0 	0 	0 	0 	0 	0 	0 	0 	0 	0 	0 	0 	0 	0 	0 	0 	0 	0 	0 	0 	0 	0 	0 	0 	0 	0 	0 	0 	0 	0 	0 	0 	0 	0 	0 	0 	0 	0 	0 	0 	0 	0 	0 	
0 	0 	0 	0 	0 	0 	0 	0 	0 	0 	0 	0 	0 	0 	0 	0 	0 	0 	0 	0 	0 	0 	0 	0 	0 	0 	0 	0 	0 	0 	0 	0 	0 	0 	0 	0 	0 	0 	0 	0 	0 	0 	0 	0 	0 	0 	0 	0 	0 	0 	0 	0 	0 	0 	0 	0 	0 	0 	0 	0 	
0 	0 	0 	0 	0 	0 	0 	0 	0 	0 	0 	0 	0 	0 	0 	0 	0 	0 	0 	0 	0 	0 	0 	0 	0 	0 	0 	0 	0 	0 	0 	0 	0 	0 	0 	0 	0 	0 	0 	0 	0 	0 	0 	0 	0 	0 	0 	0 	0 	0 	0 	0 	0 	0 	0 	0 	0 	0 	0 	0 	
0 	0 	1 	1 	0 	1 	0 	1 	4 	2 	2 	4 	2 	2 	7 	9 	6 	0 	0 	0 	0 	3 	4 	1 	1 	3 	6 	8 	14 	21 	4 	0 	1 	2 	11 	3 	6 	7 	4 	3 	1 	0 	0 	0 	0 	0 	0 	1 	0 	0 	0 	0 	0 	0 	1 	0 	1 	0 	6 	10 	
3 	4 	6 	5 	0 	2 	6 	3 	2 	11 	9 	4 	4 	7 	1 	0 	0 	0 	0 	0 	5 	3 	0 	3 	9 	8 	8 	8 	17 	13 	23 	25 	24 	20 	22 	24 	23 	22 	26 	12 	7 	9 	0 	9 	13 	18 	22 	20 	21 	23 	24 	16 	12 	22 	19 	24 	26 	20 	14 	25 	
19 	21 	21 	21 	26 	24 	26 	14 	21 	21 	22 	22 	17 	20 	24 	22 	23 	26 	19 	26 	17 	19 	19 	19 	21 	13 	8 	6 	5 	6 	9 	19 	10 	1 	7 	13 	26 	25 	25 	28 	25 	18 	24 	27 	26 	18 	22 	15 	15 	13 	25 	20 	21 	24 	23 	19 	23 	26 	19 	22 	
23 	24 	14 	20 	14 	18 	23 	27 	19 	18 	20 	20 	20 	5 	18 	7 	18 	25 	24 	12 	24 	24 	22 	24 	23 	9 	16 	15 	21 	14 	15 	22 	23 	23 	24 	25 	22 	23 	21 	22 	22 	24 	23 	24 	25 	23 	23 	13 	12 	21 	23 	21 	17 	15 	20 	19 	10 	10 	11 	13 	
18 	24 	18 	15 	12 	1 	0 	0 	0 	0 	0 	0 	0 	0 	0 	0 	0 	0 	0 	0 	0 	0 	1 	0 	0 	0 	0 	0 	0 	0 	0 	0 	0 	0 	0 	0 	0 	0 	0 	0 	0 	0 	0 	0 	0 	4 	3 	8 	12 	13 	13 	14 	21 	17 	13 	9 	14 	20 	11 	12 	
19 	20 	14 	21 	23 	21 	25 	23 	24 	18 	21 	23 	21 	19 	6 	8 	9 	16 	26 	23 	13 	25 	26 	20 	23 	24 	22 	25 	23 	20 	22 	19 	21 	23 	24 	24 	23 	23 	16 	11 	18 	12 	20 	5 	12 	10 	14 	18 	26 	22 	26 	25 	11 	8 	1 	0 	0 	0 	0 	0 	
0 	0 	0 	0 	0 	0 	0 	0 	0 	0 	0 	5 	10 	7 	15 	11 	11 	9 	10 	15 	17 	19 	24 	17 	6 	0 	0 	0 	0 	0 	0 	0 	0 	0 	0 	0 	0 	0 	0 	0 	0 	0 	0 	0 	0 	0 	0 	0 	0 	0 	0 	0 	0 	0 	0 	0 	0 	0 	0 	0 	
0 	0 	0 	4 	5 	10 	16 	11 	9 	16 	11 	16 	15 	20 	16 	13 	11 	12 	17 	17 	16 	22 	14 	0 	0 	0 	0 	0 	0 	1 	0 	0 	0 	0 	0 	0 	0 	0 	0 	0 	0 	0 	0 	0 	0 	0 	0 	0 	0 	0 	0 	0 	0 	0 	0 	0 	0 	0 	0 	0 	
0 	4 	4 	8 	2 	4 	7 	10 	9 	11 	15 	10 	12 	11 	15 	9 	0 	0 	0 	0 	0 	0 	0 	0 	0 	0 	0 	0 	0 	0 	0 	0 	0 	0 	0 	0 	0 	0 	0 	0 	0 	0 	0 	0 	0 	0 	0 	4 	5 	5 	5 	9 	11 	16 	14 	19 	15 	11 	11 	3 	
0 	0 	0 	0 	0 	0 	0 	0 	0 	0 	0 	0 	0 	0 	0 	0 	0 	0 	0 	0 	0 	0 	0 	0 	0 	1 	0 	0 	12 	14 	9 	18 	19 	19 	11 	14 	9 	21 	20 	20 	17 	16 	10 	7 	4 	4 	0 	0 	0 	0 	0 	0 	0 	0 	0 	0 	0 	0 	0 	0 	
0 	0 	0 	0 	0 	0 	0 	0 	0 	0 	0 	0 	0 	0 	1 	0 	3 	0 	0 	0 	0 	0 	0 	0 	0 	0 	0 	0 	0 	0 	3 	10 	15 	6 	9 	12 	9 	2 	2 	0 	21 	1 	13 	3 	1 	0 	0 	0 	1 	0 	0 	0 	0 	0 	0 	0 	0 	0 	0 	0 	
0 	0 	0 	0 	0 	0 	0 	0 	0 	0 	0 	0 	0 	0 	0 	0 	0 	0 	0 	0 	0 	0 	0 	0 	0 	1 	0 	0 	6 	0 	2 	18 	21 	14 	7 	6 	3 	0 	0 	0 	0 	0 	0 	0 	0 	0 	0 	0 	0 	0 	0 	0 	0 	0 	0 	0 	0 	0 	0 	0 	
0 	0 	0 	0 	0 	0 	0 	0 	0 	0 	0 	0 	0 	0 	0 	0 	0 	0 	0 	0 	0 	0 	0 	0 	0 	0 	0 	0 	0 	0 	0 	0 	0 	0 	0 	0 	0 	0 	0 	0 	0 	0 	0 	0 	0 	0 	0 	0 	0 	0 	0 	0 	0 	0 	0 	0 	0 	0 	0 	0 	
0 	0 	0 	0 	0 	0 	0 	0 	0 	0 	0 	0 	0 	0 	0 	0 	0 	0 	0 	0 	0 	0 	0 	0 	0 	0 	0 	0 	0 	0 	0 	0 	0 	0 	0 	0 	0 	0 	0 	0 	0 	0 	0 	0 	0 	0 	0 	0 	0 	0 	0 	0 	0 	0 	0 	0 	0 	0 	0 	0 	
0 	0 	0 	0 	0 	0 	0 	0 	0 	0 	0 	0 	0 	0 	0 	0 	0 	0 	0 	0 	0 	0 	0 	0 	0 	0 	0 	0 	0 	0 	0 	0 	0 	0 	0 	0 	0 	0 	0 	0 	0 	0 	0 	0 	0 	0 	0 	0 	0 	0 	0 	0 	0 	0 	0 	0 	0 	0 	0 	0 	
0 	0 	0 	0 	0 	0 	0 	0 	0 	0 	0 	0 	0 	0 	0 	0 	0 	0 	0 	0 	0 	0 	0 	0 	0 	0 	0 	0 	0 	0 	0 	0 	0 	0 	0 	0 	0 	0 	0 	0 	0 	0 	0 	0 	0 	0 	0 	0 	0 	0 	0 	0 	0 	0 	0 	0 	0 	0 	0 	0 	
0 	0 	0 	0 	0 	0 	0 	0 	0 	0 	0 	0 	0 	0 	0 	0 	0 	0 	0 	0 	0 	0 	0 	0 	0 	0 	0 	0 	0 	0 	0 	0 	0 	0 	0 	0 	0 	0 	0 	0 	0 	0 	0 	0 	0 	0 	0 	0 	0 	0 	0 	0 	0 	0 	0 	0 	0 	0 	0 	0 	
0 	0 	0 	0 	0 	0 	0 	0 	0 	0 	0 	0 	0 	0 	0 	0 	0 	0 	0 	0 	0 	0 	0 	0 	0 	0 	0 	0 	0 	0 	0 	0 	0 	0 	0 	0 	0 	0 	0 	0 	0 	0 	0 	0 	0 	0 	0 	0 	0 	0 	0 	0 	0 	0 	0 	0 	0 	0 	0 	0 	
0 	0 	0 	0 	0 	0 	0 	0 	0 	0 	0 	0 	0 	0 	0 	0 	0 	0 	0 	0 	0 	0 	0 	0 	0 	0 	0 	0 	0 	0 	0 	0 	0 	0 	0 	0 	0 	0 	0 	0 	0 	0 	0 	0 	0 	0 	0 	0 	0 	0 	0 	0 	0 	0 	0 	0 	0 	0 	0 	0 	
0 	0 	0 	0 	0 	0 	0 	0 	0 	0 	0 	0 	0 	0 	0 	0 	0 	0 	0 	0 	0 	0 	0 	0 	0 	0 	0 	0 	0 	0 	0 	0 	0 	0 	0 	0 	0 	0 	0 	0 	0 	0 	0 	0 	0 	0 	0 	0 	0 	0 	0 	0 	0 	0 	0 	0 	0 	0 	0 	0 	
0 	0 	0 	0 	0 	0 	0 	0 	0 	0 	0 	0 	0 	0 	0 	0 	0 	0 	0 	0 	0 	0 	0 	0 	0 	0 	0 	0 	0 	0 	0 	0 	0 	0 	0 	0 	0 	0 	0 	0 	0 	0 	0 	0 	0 	0 	0 	0 	0 	0 	0 	0 	0 	0 	0 	0 	0 	0 	0 	0 	
0 	0 	0 	0 	0 	0 	0 	0 	0 	0 	0 	0 	0 	0 	0 	0 	0 	0 	0 	0 	0 	0 	0 	0 	0 	0 	0 	0 	0 	0 	0 	0 	0 	0 	0 	0 	0 	0 	0 	0 	0 	0 	0 	0 	0 	0 	0 	0 	0 	0 	0 	0 	0 	0 	0 	0 	0 	0 	0 	0 	
0 	0 	0 	0 	0 	0 	0 	0 	0 	0 	0 	0 	0 	0 	0 	0 	0 	0 	0 	0 	0 	0 	0 	0 	0 	0 	0 	0 	0 	0 	0 	0 	0 	0 	0 	0 	0 	0 	0 	0 	0 	0 	0 	0 	0 	0 	0 	0 	0 	0 	0 	0 	0 	0 	0 	0 	0 	0 	0 	0 	
0 	0 	0 	0 	0 	0 	0 	0 	0 	0 	0 	0 	0 	0 	0 	0 	0 	0 	0 	0 	0 	0 	0 	0 	0 	0 	0 	0 	0 	0 	0 	0 	0 	0 	0 	0 	0 	0 	0 	0 	0 	0 	0 	0 	0 	0 	0 	0 	0 	0 	0 	0 	0 	0 	0 	0 	0 	0 	0 	0 	
0 	0 	0 	1 	1 	0 	4 	7 	7 	7 	8 	8 	11 	14 	9 	7 	13 	1 	0 	0 	0 	0 	0 	0 	1 	0 	2 	10 	23 	22 	28 	27 	26 	24 	23 	26 	29 	22 	18 	31 	16 	5 	18 	18 	28 	29 	28 	17 	28 	26 	24 	27 	27 	31 	29 	27 	28 	25 	26 	27 	
22 	16 	25 	6 	0 	0 	0 	0 	0 	0 	0 	0 	1 	6 	16 	26 	29 	28 	28 	25 	22 	24 	20 	12 	17 	17 	22 	30 	22 	22 	13 	20 	25 	21 	22 	24 	25 	21 	23 	27 	23 	25 	25 	26 	26 	17 	18 	28 	21 	12 	16 	25 	25 	26 	24 	27 	22 	22 	24 	11 	
25 	27 	27 	19 	27 	22 	21 	23 	20 	20 	25 	24 	23 	24 	23 	23 	23 	16 	14 	18 	18 	25 	24 	22 	26 	25 	26 	22 	22 	23 	22 	16 	19 	19 	20 	22 	26 	25 	23 	25 	22 	22 	18 	18 	3 	17 	24 	23 	22 	25 	26 	19 	23 	20 	21 	19 	13 	24 	22 	22 	
21 	23 	13 	21 	16 	25 	27 	23 	23 	24 	24 	24 	22 	25 	13 	14 	20 	22 	25 	25 	23 	25 	22 	19 	23 	10 	5 	18 	24 	24 	23 	20 	23 	26 	22 	22 	22 	25 	16 	6 	12 	21 	22 	22 	21 	19 	18 	16 	21 	22 	22 	20 	20 	21 	23 	17 	24 	23 	22 	22 	
20 	22 	10 	22 	22 	20 	1 	15 	16 	15 	23 	23 	13 	21 	26 	27 	23 	23 	22 	23 	21 	23 	22 	23 	21 	21 	21 	23 	21 	15 	21 	15 	19 	22 	18 	6 	11 	20 	23 	21 	25 	22 	23 	9 	21 	19 	21 	20 	24 	23 	22 	17 	0 	0 	0 	0 	1 	4 	7 	13 	
11 	19 	20 	19 	21 	17 	18 	23 	20 	20 	22 	23 	20 	12 	13 	19 	18 	19 	15 	7 	0 	9 	17 	15 	21 	22 	23 	18 	21 	19 	23 	19 	19 	20 	22 	20 	21 	22 	18 	17 	17 	3 	9 	18 	18 	18 	20 	7 	12 	14 	20 	20 	20 	20 	20 	21 	20 	21 	23 	19 	
18 	17 	18 	18 	17 	18 	22 	18 	16 	4 	0 	0 	0 	0 	0 	0 	0 	0 	0 	0 	0 	0 	0 	3 	6 	0 	10 	12 	21 	21 	22 	22 	21 	24 	15 	15 	24 	23 	24 	16 	21 	22 	21 	20 	16 	20 	21 	22 	18 	20 	20 	21 	8 	18 	19 	14 	16 	24 	19 	21 	
13 	23 	17 	14 	16 	15 	24 	17 	16 	14 	16 	12 	19 	16 	19 	3 	0 	0 	0 	0 	0 	0 	0 	0 	0 	0 	0 	0 	0 	0 	0 	0 	0 	0 	0 	0 	0 	0 	6 	10 	15 	17 	16 	19 	15 	15 	18 	11 	18 	16 	14 	19 	14 	0 	0 	0 	0 	0 	0 	0 	
0 	0 	0 	0 	0 	0 	0 	0 	0 	0 	0 	0 	0 	0 	0 	0 	0 	0 	0 	0 	0 	0 	0 	0 	0 	0 	0 	8 	9 	13 	19 	11 	13 	7 	0 	0 	0 	0 	0 	0 	0 	0 	0 	0 	0 	0 	0 	0 	0 	0 	0 	0 	0 	0 	0 	0 	0 	0 	0 	0 	
0 	0 	0 	0 	0 	0 	0 	0 	1 	0 	0 	5 	13 	17 	15 	18 	8 	15 	18 	18 	21 	9 	0 	0 	0 	0 	0 	0 	0 	0 	0 	0 	0 	0 	0 	0 	0 	0 	0 	0 	0 	0 	0 	0 	0 	0 	0 	0 	0 	0 	0 	0 	0 	0 	0 	0 	0 	0 	0 	0 	
0 	0 	0 	0 	0 	0 	0 	0 	0 	0 	0 	0 	0 	0 	0 	0 	0 	0 	0 	0 	0 	0 	0 	0 	0 	0 	0 	0 	0 	0 	0 	1 	3 	10 	6 	12 	0 	10 	15 	20 	11 	15 	1 	1 	7 	12 	16 	7 	0 	2 	14 	0 	10 	11 	1 	0 	0 	0 	0 	0 	
0 	0 	0 	1 	0 	0 	0 	0 	0 	1 	0 	0 	0 	0 	0 	0 	0 	0 	0 	0 	0 	0 	0 	0 	0 	0 	0 	0 	0 	0 	0 	0 	0 	0 	0 	0 	0 	0 	1 	0 	1 	4 	9 	4 	0 	0 	2 	0 	0 	7 	3 	13 	0 	9 	0 	0 	0 	0 	0 	0 	
0 	2 	0 	0 	0 	0 	0 	0 	0 	0 	0 	0 	0 	0 	0 	0 	0 	0 	0 	0 	0 	0 	0 	0 	0 	0 	0 	0 	0 	0 	0 	0 	0 	0 	0 	0 	0 	0 	0 	0 	0 	0 	0 	0 	0 	0 	0 	0 	0 	0 	0 	0 	0 	0 	0 	0 	0 	0 	0 	0 	
0 	0 	0 	0 	0 	0 	0 	0 	0 	0 	0 	0 	0 	0 	0 	0 	0 	0 	0 	0 	0 	0 	0 	0 	0 	0 	0 	0 	0 	0 	0 	0 	0 	0 	0 	0 	0 	0 	0 	0 	0 	0 	0 	0 	0 	0 	0 	0 	0 	0 	0 	0 	0 	0 	0 	0 	0 	0 	0 	0 	
0 	0 	0 	0 	0 	0 	0 	0 	0 	0 	0 	0 	0 	0 	0 	0 	0 	0 	0 	0 	0 	0 	0 	0 	0 	0 	0 	0 	0 	0 	0 	0 	0 	0 	0 	0 	0 	0 	0 	0 	0 	0 	0 	0 	0 	0 	0 	0 	0 	0 	0 	0 	0 	0 	0 	0 	0 	0 	0 	0 	
0 	0 	0 	0 	0 	0 	0 	0 	0 	0 	0 	0 	0 	0 	0 	0 	0 	0 	0 	0 	0 	0 	0 	0 	0 	0 	0 	0 	0 	0 	0 	0 	0 	0 	0 	0 	0 	0 	0 	0 	0 	0 	0 	0 	0 	0 	0 	0 	0 	0 	0 	0 	0 	0 	0 	0 	0 	0 	0 	0 	
0 	0 	0 	0 	0 	0 	0 	0 	0 	0 	0 	0 	0 	0 	0 	0 	0 	0 	0 	0 	0 	0 	0 	0 	0 	0 	0 	0 	0 	0 	0 	0 	0 	0 	0 	0 	0 	0 	0 	0 	0 	0 	0 	0 	0 	0 	0 	0 	0 	0 	0 	0 	0 	0 	0 	0 	0 	0 	0 	0 	
0 	0 	0 	0 	0 	0 	0 	0 	0 	0 	0 	0 	0 	0 	0 	0 	0 	0 	0 	0 	0 	0 	0 	0 	0 	0 	0 	0 	0 	0 	0 	0 	0 	0 	0 	0 	0 	0 	0 	0 	0 	0 	0 	0 	0 	0 	0 	0 	0 	0 	0 	0 	0 	0 	0 	0 	0 	0 	0 	0 	
0 	0 	0 	0 	0 	0 	0 	0 	0 	0 	0 	0 	0 	0 	0 	0 	0 	0 	0 	0 	0 	0 	0 	0 	0 	0 	0 	0 	0 	0 	0 	0 	0 	0 	0 	0 	0 	0 	0 	0 	0 	0 	0 	0 	0 	0 	0 	0 	0 	0 	0 	0 	0 	0 	0 	0 	0 	0 	0 	0 	
0 	0 	0 	0 	0 	0 	0 	0 	0 	0 	0 	0 	0 	0 	0 	0 	0 	0 	0 	0 	0 	0 	0 	0 	0 	0 	0 	0 	0 	0 	0 	0 	0 	0 	0 	0 	0 	0 	0 	0 	0 	0 	0 	0 	0 	0 	0 	0 	0 	0 	0 	0 	0 	0 	0 	0 	0 	0 	0 	0 	
0 	0 	0 	0 	0 	0 	0 	0 	0 	0 	0 	0 	0 	0 	0 	0 	0 	0 	0 	0 	0 	0 	0 	0 	0 	0 	0 	0 	0 	0 	0 	0 	0 	0 	0 	0 	0 	0 	0 	0 	0 	0 	0 	0 	0 	0 	0 	0 	0 	0 	0 	0 	0 	0 	0 	0 	0 	0 	0 	0 	
0 	0 	0 	0 	0 	0 	0 	0 	0 	0 	0 	0 	0 	0 	0 	0 	0 	0 	0 	0 	0 	0 	0 	0 	0 	0 	0 	0 	0 	0 	0 	0 	0 	0 	0 	0 	0 	0 	0 	0 	0 	0 	0 	0 	0 	0 	0 	0 	0 	0 	0 	0 	0 	0 	0 	0 	0 	0 	0 	0 	
0 	0 	0 	0 	0 	0 	0 	0 	0 	0 	0 	0 	0 	0 	0 	0 	0 	0 	0 	0 	0 	0 	0 	0 	0 	0 	0 	0 	0 	0 	0 	0 	0 	0 	0 	0 	0 	0 	0 	0 	0 	0 	0 	0 	0 	0 	0 	0 	0 	0 	0 	0 	0 	0 	0 	0 	0 	0 	0 	0 	
0 	0 	0 	0 	0 	0 	0 	0 	0 	0 	0 	0 	0 	0 	0 	0 	0 	0 	0 	0 	0 	0 	0 	0 	0 	0 	0 	0 	0 	0 	0 	0 	0 	0 	0 	0 	0 	0 	0 	0 	0 	0 	0 	0 	0 	0 	0 	0 	0 	0 	0 	0 	0 	0 	0 	0 	0 	0 	0 	0 	
0 	0 	0 	2 	1 	1 	0 	2 	2 	2 	1 	0 	0 	3 	2 	3 	5 	15 	6 	0 	0 	0 	0 	0 	0 	0 	0 	0 	0 	6 	8 	14 	6 	20 	28 	20 	26 	11 	5 	2 	0 	0 	0 	0 	1 	0 	5 	19 	24 	20 	22 	23 	23 	34 	26 	32 	34 	32 	26 	26 	
15 	15 	30 	30 	27 	29 	31 	28 	31 	27 	25 	29 	28 	28 	28 	22 	30 	29 	29 	28 	18 	0 	7 	25 	30 	28 	28 	25 	30 	30 	27 	25 	18 	28 	28 	28 	22 	25 	28 	27 	22 	3 	16 	21 	24 	27 	30 	29 	32 	29 	28 	26 	23 	27 	28 	25 	23 	16 	23 	33 	
26 	29 	26 	25 	20 	20 	23 	28 	25 	22 	22 	24 	15 	17 	22 	27 	22 	24 	27 	25 	27 	26 	28 	25 	24 	14 	17 	30 	27 	21 	23 	9 	26 	24 	20 	23 	22 	20 	25 	26 	24 	26 	24 	23 	22 	21 	24 	26 	11 	21 	26 	27 	19 	26 	24 	22 	22 	28 	27 	29 	
11 	20 	23 	16 	21 	7 	7 	8 	15 	27 	23 	27 	24 	26 	20 	21 	27 	25 	27 	24 	24 	22 	21 	17 	24 	23 	24 	20 	20 	11 	2 	3 	4 	4 	4 	22 	23 	23 	21 	15 	23 	26 	22 	21 	21 	22 	19 	20 	20 	21 	23 	24 	22 	19 	2 	10 	19 	24 	25 	26 	
25 	28 	27 	21 	19 	24 	25 	23 	27 	23 	23 	23 	18 	23 	26 	24 	13 	10 	20 	21 	19 	23 	20 	19 	22 	21 	20 	18 	19 	21 	23 	19 	19 	20 	19 	20 	17 	21 	12 	16 	20 	21 	25 	26 	27 	23 	19 	23 	22 	23 	23 	21 	24 	22 	19 	22 	25 	23 	22 	18 	
18 	18 	21 	17 	17 	17 	7 	0 	0 	0 	0 	0 	0 	9 	14 	16 	15 	18 	23 	17 	20 	20 	19 	24 	20 	16 	23 	23 	26 	12 	17 	22 	25 	19 	18 	21 	9 	19 	23 	20 	16 	13 	8 	2 	15 	19 	21 	22 	19 	21 	20 	22 	19 	18 	18 	23 	20 	18 	21 	21 	
19 	19 	20 	24 	18 	19 	20 	22 	20 	19 	18 	15 	16 	17 	12 	15 	16 	17 	17 	18 	11 	15 	18 	19 	21 	21 	18 	18 	20 	3 	0 	1 	11 	1 	0 	0 	0 	0 	0 	0 	0 	0 	0 	0 	0 	0 	0 	0 	0 	0 	0 	0 	0 	0 	0 	0 	0 	0 	0 	0 	
0 	0 	0 	0 	0 	0 	0 	0 	0 	0 	0 	0 	0 	0 	0 	0 	0 	0 	0 	0 	0 	0 	0 	0 	0 	0 	0 	0 	0 	0 	0 	0 	2 	0 	0 	0 	0 	0 	0 	0 	0 	0 	0 	0 	0 	0 	0 	0 	0 	0 	0 	0 	0 	0 	0 	0 	0 	0 	0 	0 	
0 	0 	0 	0 	0 	0 	0 	0 	0 	0 	0 	1 	1 	1 	0 	0 	0 	0 	0 	0 	0 	0 	0 	0 	0 	0 	0 	0 	0 	0 	0 	0 	0 	0 	0 	0 	0 	0 	0 	0 	0 	0 	0 	0 	0 	0 	0 	0 	0 	0 	1 	0 	4 	0 	5 	1 	0 	0 	0 	0 	
0 	0 	0 	0 	0 	0 	0 	0 	0 	0 	0 	0 	0 	0 	0 	0 	0 	1 	0 	0 	0 	0 	0 	0 	0 	0 	0 	0 	0 	0 	0 	0 	0 	0 	0 	0 	0 	0 	0 	0 	0 	0 	0 	0 	0 	1 	0 	0 	0 	0 	0 	0 	0 	0 	0 	0 	0 	0 	0 	0 	
0 	0 	0 	0 	0 	0 	0 	0 	0 	0 	0 	0 	0 	0 	0 	0 	0 	0 	0 	0 	0 	0 	0 	0 	0 	0 	0 	0 	0 	0 	0 	0 	0 	0 	0 	0 	0 	0 	0 	0 	0 	0 	0 	3 	4 	3 	7 	3 	19 	14 	0 	4 	18 	22 	21 	16 	9 	0 	1 	0 	
0 	0 	0 	0 	0 	0 	0 	0 	0 	0 	0 	0 	0 	0 	0 	0 	0 	0 	0 	0 	0 	0 	0 	0 	0 	0 	0 	0 	0 	0 	0 	0 	0 	0 	0 	0 	0 	0 	0 	0 	5 	18 	2 	6 	4 	16 	21 	8 	1 	2 	0 	0 	0 	0 	0 	0 	0 	0 	0 	0 	
0 	0 	0 	0 	0 	0 	0 	0 	0 	0 	0 	0 	0 	0 	0 	0 	0 	0 	0 	0 	0 	0 	0 	0 	0 	0 	0 	0 	0 	0 	0 	0 	0 	0 	0 	0 	0 	0 	0 	0 	0 	0 	0 	0 	0 	0 	0 	0 	0 	0 	0 	0 	0 	0 	0 	0 	0 	0 	0 	0 	
0 	0 	0 	0 	0 	0 	0 	0 	0 	0 	0 	0 	0 	0 	0 	0 	0 	0 	0 	0 	0 	0 	0 	0 	0 	0 	0 	0 	0 	0 	0 	0 	0 	0 	0 	0 	0 	0 	0 	0 	0 	0 	0 	0 	0 	0 	0 	0 	0 	0 	0 	0 	0 	0 	0 	0 	0 	0 	0 	0 	
0 	0 	0 	0 	0 	0 	0 	0 	0 	0 	0 	0 	0 	0 	0 	0 	0 	0 	0 	0 	0 	0 	0 	0 	0 	0 	0 	0 	0 	0 	0 	0 	0 	0 	0 	0 	0 	0 	0 	0 	0 	0 	0 	0 	0 	0 	0 	0 	0 	0 	0 	0 	0 	0 	0 	0 	0 	0 	0 	0 	
0 	0 	0 	0 	0 	0 	0 	0 	0 	0 	0 	0 	0 	0 	0 	0 	0 	0 	0 	0 	0 	0 	0 	0 	0 	0 	0 	0 	0 	0 	0 	0 	0 	0 	0 	0 	0 	0 	0 	0 	0 	0 	0 	0 	0 	0 	0 	0 	0 	0 	0 	0 	0 	0 	0 	0 	0 	0 	0 	0 	
0 	0 	0 	0 	0 	0 	0 	0 	0 	0 	0 	0 	0 	0 	0 	0 	0 	0 	0 	0 	0 	0 	0 	0 	0 	0 	0 	0 	0 	0 	0 	0 	0 	0 	0 	0 	0 	0 	0 	0 	0 	0 	0 	0 	0 	0 	0 	0 	0 	0 	0 	0 	0 	0 	0 	0 	0 	0 	0 	0 	
0 	0 	0 	0 	0 	0 	0 	0 	0 	0 	0 	0 	0 	0 	0 	0 	0 	0 	0 	0 	0 	0 	0 	0 	0 	0 	0 	0 	0 	0 	0 	0 	0 	0 	0 	0 	0 	0 	0 	0 	0 	0 	0 	0 	0 	0 	0 	0 	0 	0 	0 	0 	0 	0 	0 	0 	0 	0 	0 	0 	
0 	0 	0 	0 	0 	0 	0 	0 	0 	0 	0 	0 	0 	0 	0 	0 	0 	0 	0 	0 	0 	0 	0 	0 	0 	0 	0 	0 	0 	0 	0 	0 	0 	0 	0 	0 	0 	0 	0 	0 	0 	0 	0 	0 	0 	0 	0 	0 	0 	0 	0 	0 	0 	0 	0 	0 	0 	0 	0 	0 	
0 	0 	0 	0 	0 	0 	0 	0 	0 	0 	0 	0 	0 	0 	0 	0 	0 	0 	0 	0 	0 	0 	0 	0 	0 	0 	0 	0 	0 	0 	0 	0 	0 	0 	0 	0 	0 	0 	0 	0 	0 	0 	0 	0 	0 	0 	0 	0 	0 	0 	0 	0 	0 	0 	0 	0 	0 	0 	0 	0 	
0 	0 	0 	0 	0 	0 	0 	0 	0 	0 	0 	0 	0 	0 	0 	0 	0 	0 	0 	0 	0 	0 	0 	0 	0 	0 	0 	0 	0 	0 	0 	0 	0 	0 	0 	0 	0 	0 	0 	0 	0 	0 	0 	0 	0 	0 	0 	0 	0 	0 	0 	0 	0 	0 	0 	0 	0 	0 	0 	0 	
0 	0 	0 	0 	0 	0 	0 	0 	0 	0 	0 	0 	0 	0 	0 	0 	0 	0 	0 	0 	0 	0 	0 	0 	0 	0 	0 	0 	0 	0 	0 	0 	0 	0 	0 	0 	0 	0 	0 	0 	0 	0 	0 	0 	0 	0 	0 	0 	0 	0 	0 	0 	0 	0 	0 	0 	0 	0 	0 	0 	
0 	0 	0 	0 	0 	0 	0 	0 	0 	0 	0 	0 	0 	0 	0 	0 	0 	0 	0 	0 	0 	0 	0 	0 	0 	0 	0 	0 	0 	0 	0 	0 	0 	0 	0 	0 	0 	0 	0 	0 	0 	0 	0 	0 	0 	0 	0 	0 	0 	0 	0 	0 	0 	0 	0 	0 	0 	0 	0 	0 	
0 	0 	0 	0 	0 	0 	0 	0 	0 	0 	0 	0 	0 	0 	0 	0 	0 	0 	0 	0 	0 	0 	0 	0 	0 	0 	0 	0 	0 	0 	0 	0 	0 	0 	0 	0 	0 	0 	0 	0 	0 	0 	0 	0 	0 	0 	0 	0 	0 	0 	0 	0 	0 	0 	0 	0 	0 	0 	0 	0 	
0 	0 	1 	1 	1 	2 	1 	0 	1 	5 	5 	5 	0 	1 	3 	1 	7 	7 	2 	0 	0 	0 	0 	0 	0 	0 	0 	0 	0 	0 	0 	7 	9 	2 	3 	8 	12 	13 	15 	17 	21 	21 	18 	17 	16 	8 	14 	10 	18 	14 	18 	22 	11 	14 	19 	20 	17 	17 	14 	6 	
4 	17 	16 	21 	19 	19 	20 	18 	20 	19 	22 	19 	19 	21 	15 	19 	18 	14 	23 	19 	19 	23 	18 	17 	21 	24 	19 	23 	19 	11 	0 	7 	13 	11 	14 	24 	26 	25 	17 	17 	19 	15 	18 	13 	9 	21 	24 	16 	22 	23 	20 	23 	18 	16 	21 	19 	18 	15 	17 	19 	
15 	18 	15 	15 	13 	8 	17 	18 	24 	20 	19 	16 	14 	13 	15 	14 	16 	19 	19 	19 	19 	21 	23 	17 	15 	19 	17 	15 	18 	15 	17 	16 	18 	20 	18 	15 	12 	19 	20 	11 	11 	15 	18 	18 	18 	20 	15 	21 	23 	21 	23 	23 	20 	22 	21 	19 	20 	16 	17 	17 	
19 	19 	17 	17 	18 	21 	15 	17 	17 	4 	3 	6 	15 	19 	22 	20 	20 	14 	16 	17 	15 	17 	13 	17 	16 	21 	18 	19 	19 	17 	17 	15 	11 	2 	0 	0 	2 	8 	1 	8 	6 	5 	21 	18 	19 	16 	18 	15 	8 	10 	16 	16 	14 	16 	17 	19 	16 	12 	13 	6 	
20 	14 	11 	14 	15 	17 	14 	16 	18 	14 	16 	20 	17 	16 	16 	17 	14 	8 	6 	8 	0 	0 	0 	0 	0 	0 	0 	0 	0 	0 	0 	0 	0 	0 	0 	0 	0 	0 	0 	0 	0 	0 	0 	0 	0 	0 	0 	0 	0 	0 	0 	0 	1 	5 	11 	11 	10 	13 	16 	19 	
16 	21 	17 	16 	18 	16 	16 	16 	15 	18 	15 	17 	19 	18 	16 	17 	13 	18 	17 	16 	18 	21 	21 	18 	18 	23 	21 	17 	17 	16 	16 	18 	17 	17 	17 	18 	10 	12 	19 	21 	19 	20 	18 	20 	21 	18 	21 	20 	19 	20 	19 	20 	18 	11 	9 	4 	16 	7 	0 	0 	
0 	0 	0 	0 	0 	0 	0 	0 	0 	0 	0 	0 	0 	0 	0 	0 	0 	0 	0 	0 	0 	0 	0 	0 	0 	0 	0 	0 	0 	0 	0 	0 	0 	0 	1 	1 	6 	2 	15 	13 	13 	2 	5 	10 	15 	16 	14 	13 	17 	19 	22 	19 	24 	23 	25 	8 	10 	17 	20 	20 	
15 	19 	18 	16 	16 	19 	20 	8 	14 	21 	19 	16 	16 	13 	7 	20 	17 	15 	17 	21 	22 	12 	16 	20 	14 	17 	6 	18 	19 	17 	17 	18 	15 	14 	15 	10 	7 	15 	17 	15 	19 	12 	12 	14 	14 	17 	19 	15 	13 	20 	20 	20 	15 	20 	21 	20 	18 	20 	19 	20 	
18 	19 	21 	20 	14 	13 	3 	0 	0 	0 	0 	0 	0 	2 	0 	0 	0 	0 	0 	0 	0 	0 	0 	0 	0 	0 	0 	0 	0 	0 	0 	0 	0 	0 	0 	0 	0 	0 	0 	0 	0 	0 	0 	0 	0 	0 	0 	0 	0 	0 	0 	0 	0 	0 	0 	0 	0 	0 	0 	0 	
0 	0 	0 	0 	0 	0 	0 	0 	0 	0 	0 	0 	0 	0 	0 	0 	0 	0 	0 	0 	0 	0 	0 	0 	0 	0 	0 	0 	0 	0 	0 	0 	0 	0 	0 	0 	0 	0 	0 	0 	0 	0 	0 	0 	0 	0 	0 	0 	0 	0 	0 	0 	0 	0 	0 	0 	0 	0 	0 	0 	
0 	0 	0 	0 	0 	0 	0 	0 	0 	0 	0 	0 	0 	0 	0 	0 	0 	0 	0 	0 	0 	0 	0 	0 	0 	0 	0 	0 	0 	0 	1 	17 	23 	6 	8 	22 	13 	14 	13 	25 	19 	9 	15 	1 	0 	0 	0 	2 	0 	0 	0 	0 	4 	16 	0 	0 	4 	0 	1 	5 	
4 	1 	6 	0 	13 	13 	0 	2 	20 	0 	0 	0 	0 	8 	10 	0 	0 	0 	0 	0 	0 	0 	0 	0 	1 	0 	0 	0 	0 	1 	0 	1 	1 	0 	0 	0 	0 	0 	0 	0 	0 	0 	0 	0 	0 	0 	2 	6 	0 	2 	0 	0 	0 	0 	1 	0 	1 	0 	0 	0 	
0 	0 	0 	0 	0 	0 	0 	0 	0 	0 	0 	0 	0 	0 	0 	0 	0 	0 	0 	0 	0 	0 	0 	0 	0 	0 	0 	0 	0 	0 	0 	0 	0 	0 	0 	0 	0 	0 	0 	0 	0 	0 	0 	0 	0 	0 	0 	0 	0 	0 	0 	0 	0 	0 	0 	0 	0 	0 	0 	0 	
0 	0 	0 	0 	0 	0 	0 	0 	0 	0 	0 	0 	0 	0 	0 	0 	0 	0 	0 	0 	0 	0 	0 	0 	0 	0 	0 	0 	0 	0 	0 	0 	0 	0 	0 	0 	0 	0 	0 	0 	0 	0 	0 	0 	0 	0 	0 	0 	0 	0 	0 	0 	0 	0 	0 	0 	0 	0 	0 	0 	
0 	0 	0 	0 	0 	0 	0 	0 	0 	0 	0 	0 	0 	0 	0 	0 	0 	0 	0 	0 	0 	0 	0 	0 	0 	0 	0 	0 	0 	0 	0 	0 	0 	0 	0 	0 	0 	0 	0 	0 	0 	0 	0 	0 	0 	0 	0 	0 	0 	0 	0 	0 	0 	0 	0 	0 	0 	0 	0 	0 	
0 	0 	0 	0 	0 	0 	0 	0 	0 	0 	0 	0 	0 	0 	0 	0 	0 	0 	0 	0 	0 	0 	0 	0 	0 	0 	0 	0 	0 	0 	0 	0 	0 	0 	0 	0 	0 	0 	0 	0 	0 	0 	0 	0 	0 	0 	0 	0 	0 	0 	0 	0 	0 	0 	0 	0 	0 	0 	0 	0 	
0 	0 	0 	0 	0 	0 	0 	0 	0 	0 	0 	0 	0 	0 	0 	0 	0 	0 	0 	0 	0 	0 	0 	0 	0 	0 	0 	0 	0 	0 	0 	0 	0 	0 	0 	0 	0 	0 	0 	0 	0 	0 	0 	0 	0 	0 	0 	0 	0 	0 	0 	0 	0 	0 	0 	0 	0 	0 	0 	0 	
0 	0 	0 	0 	0 	0 	0 	0 	0 	0 	0 	0 	0 	0 	0 	0 	0 	0 	0 	0 	0 	0 	0 	0 	0 	0 	0 	0 	0 	0 	0 	0 	0 	0 	0 	0 	0 	0 	0 	0 	0 	0 	0 	0 	0 	0 	0 	0 	0 	0 	0 	0 	0 	0 	0 	0 	0 	0 	0 	0 	
0 	0 	0 	0 	0 	0 	0 	0 	0 	0 	0 	0 	0 	0 	0 	0 	0 	0 	0 	0 	0 	0 	0 	0 	0 	0 	0 	0 	0 	0 	0 	0 	0 	0 	0 	0 	0 	0 	0 	0 	0 	0 	0 	0 	0 	0 	0 	0 	0 	0 	0 	0 	0 	0 	0 	0 	0 	0 	0 	0 	
0 	0 	0 	0 	0 	0 	0 	0 	0 	0 	0 	0 	0 	0 	0 	0 	0 	0 	0 	0 	0 	0 	0 	0 	0 	0 	0 	0 	0 	0 	0 	0 	0 	0 	0 	0 	0 	0 	0 	0 	0 	0 	0 	0 	0 	0 	0 	0 	0 	0 	0 	0 	0 	0 	0 	0 	0 	0 	0 	0 	
0 	0 	0 	0 	0 	0 	0 	0 	0 	0 	0 	0 	0 	0 	0 	0 	0 	0 	0 	0 	0 	0 	0 	0 	0 	0 	0 	0 	0 	0 	0 	0 	0 	0 	0 	0 	0 	0 	0 	0 	0 	0 	0 	0 	0 	0 	0 	0 	0 	0 	0 	0 	0 	0 	0 	0 	0 	0 	0 	0 	
0 	0 	0 	0 	0 	0 	0 	0 	0 	0 	0 	0 	0 	0 	0 	0 	0 	0 	0 	0 	0 	0 	0 	0 	0 	0 	0 	0 	0 	0 	0 	0 	0 	0 	0 	0 	0 	0 	0 	0 	0 	0 	0 	0 	0 	0 	0 	0 	0 	0 	0 	0 	0 	0 	0 	0 	0 	0 	0 	0 	
0 	0 	0 	0 	0 	0 	0 	0 	0 	0 	0 	0 	0 	0 	0 	0 	0 	0 	0 	0 	0 	0 	0 	0 	0 	0 	0 	0 	0 	0 	0 	0 	0 	0 	0 	0 	0 	0 	0 	0 	0 	0 	0 	0 	0 	0 	0 	0 	0 	0 	0 	0 	0 	0 	0 	0 	0 	0 	0 	0 	
0 	0 	0 	0 	0 	0 	0 	0 	0 	0 	0 	0 	0 	0 	0 	0 	0 	0 	0 	0 	0 	0 	0 	0 	0 	0 	0 	0 	0 	0 	0 	0 	0 	0 	0 	0 	0 	0 	0 	0 	0 	0 	0 	0 	0 	0 	0 	0 	0 	0 	0 	0 	0 	0 	0 	0 	0 	0 	0 	0 	
0 	0 	0 	0 	1 	1 	0 	1 	1 	1 	0 	2 	4 	3 	5 	1 	2 	4 	2 	8 	1 	0 	3 	5 	1 	0 	1 	0 	0 	0 	0 	0 	0 	0 	0 	0 	2 	4 	8 	8 	10 	14 	19 	22 	16 	16 	21 	21 	22 	19 	0 	3 	0 	5 	18 	20 	21 	20 	20 	23 	
21 	19 	20 	21 	21 	21 	21 	19 	20 	10 	7 	5 	15 	18 	21 	17 	18 	20 	25 	22 	19 	21 	21 	19 	20 	13 	11 	20 	22 	23 	22 	22 	20 	19 	20 	22 	20 	20 	18 	5 	9 	6 	10 	7 	8 	19 	21 	23 	20 	18 	18 	19 	19 	18 	20 	20 	21 	20 	18 	20 	
15 	21 	20 	15 	13 	11 	16 	21 	19 	19 	15 	18 	21 	16 	17 	19 	22 	19 	18 	17 	19 	15 	19 	17 	15 	14 	16 	17 	10 	13 	14 	15 	11 	4 	14 	16 	20 	17 	20 	16 	16 	15 	13 	4 	2 	11 	14 	11 	16 	15 	16 	21 	18 	19 	19 	16 	18 	16 	17 	17 	
18 	18 	16 	17 	19 	19 	17 	14 	9 	16 	17 	18 	17 	19 	20 	19 	18 	18 	18 	18 	17 	18 	19 	17 	16 	19 	18 	18 	18 	20 	20 	17 	25 	18 	19 	18 	17 	18 	16 	18 	17 	17 	18 	20 	19 	20 	19 	19 	19 	22 	20 	17 	18 	18 	20 	19 	16 	21 	16 	15 	
9 	1 	9 	17 	16 	19 	17 	20 	18 	17 	19 	18 	17 	19 	14 	9 	18 	14 	20 	18 	18 	20 	19 	19 	18 	20 	21 	19 	18 	17 	18 	18 	13 	2 	7 	7 	10 	15 	15 	18 	17 	18 	16 	18 	18 	18 	19 	18 	18 	19 	20 	17 	18 	16 	17 	12 	0 	0 	0 	0 	
0 	0 	0 	0 	0 	0 	0 	0 	0 	0 	0 	0 	0 	0 	1 	0 	0 	4 	17 	16 	17 	16 	19 	18 	19 	16 	16 	16 	16 	16 	16 	16 	10 	18 	18 	18 	16 	20 	18 	18 	19 	22 	23 	19 	9 	0 	0 	0 	0 	2 	14 	18 	15 	20 	22 	15 	19 	18 	20 	17 	
18 	18 	18 	16 	16 	18 	8 	13 	17 	19 	19 	18 	16 	21 	16 	19 	17 	17 	19 	17 	17 	19 	16 	8 	10 	3 	11 	8 	13 	13 	20 	19 	19 	7 	16 	17 	4 	1 	0 	0 	0 	0 	0 	0 	0 	0 	0 	0 	0 	0 	0 	0 	0 	0 	0 	0 	0 	0 	0 	0 	
0 	0 	0 	0 	0 	0 	0 	0 	0 	0 	0 	0 	0 	0 	4 	12 	16 	14 	13 	15 	15 	17 	17 	12 	12 	17 	15 	13 	15 	10 	15 	13 	13 	11 	0 	0 	0 	0 	0 	0 	0 	0 	0 	0 	0 	0 	0 	0 	0 	0 	0 	0 	0 	0 	0 	0 	0 	0 	0 	0 	
0 	0 	0 	0 	0 	0 	0 	0 	0 	0 	0 	0 	0 	0 	0 	0 	0 	0 	0 	0 	0 	0 	0 	0 	0 	0 	0 	0 	0 	0 	0 	0 	0 	0 	0 	0 	0 	0 	0 	0 	0 	0 	0 	0 	0 	0 	0 	0 	0 	0 	0 	0 	0 	0 	0 	0 	0 	0 	0 	0 	
0 	0 	0 	0 	0 	0 	0 	0 	0 	0 	0 	0 	0 	0 	0 	0 	0 	0 	0 	0 	0 	0 	0 	0 	0 	0 	0 	0 	0 	0 	0 	0 	0 	0 	0 	0 	0 	0 	0 	0 	0 	0 	0 	0 	0 	0 	0 	0 	0 	0 	0 	0 	0 	0 	0 	0 	0 	0 	0 	0 	
0 	0 	0 	0 	0 	0 	0 	0 	0 	0 	0 	0 	0 	0 	0 	0 	0 	0 	0 	0 	0 	0 	0 	0 	0 	0 	0 	0 	0 	0 	0 	0 	0 	0 	0 	0 	0 	0 	0 	0 	0 	4 	8 	7 	17 	0 	0 	0 	0 	1 	0 	0 	0 	0 	0 	0 	0 	0 	0 	0 	
0 	0 	0 	0 	0 	0 	0 	1 	0 	1 	0 	0 	0 	0 	0 	0 	0 	0 	0 	0 	0 	0 	0 	0 	0 	0 	0 	1 	0 	0 	0 	3 	10 	11 	5 	6 	6 	0 	0 	0 	0 	0 	0 	0 	0 	0 	0 	5 	4 	0 	0 	0 	0 	0 	0 	0 	2 	0 	0 	0 	
0 	0 	0 	0 	0 	0 	0 	0 	0 	0 	0 	0 	0 	0 	0 	0 	0 	0 	0 	0 	0 	0 	0 	0 	0 	0 	0 	0 	0 	0 	0 	0 	0 	0 	0 	0 	0 	0 	0 	0 	0 	0 	0 	0 	0 	0 	0 	0 	0 	0 	0 	0 	0 	0 	0 	0 	0 	0 	0 	0 	
0 	0 	0 	0 	0 	0 	0 	0 	0 	0 	0 	0 	0 	0 	0 	0 	0 	0 	0 	0 	0 	0 	0 	0 	0 	0 	0 	0 	0 	0 	0 	0 	0 	0 	0 	0 	0 	0 	0 	0 	0 	0 	0 	0 	0 	0 	0 	0 	0 	0 	0 	0 	0 	0 	0 	0 	0 	0 	0 	0 	
0 	0 	0 	0 	0 	0 	0 	0 	0 	0 	0 	0 	0 	0 	0 	0 	0 	0 	0 	0 	0 	0 	0 	0 	0 	0 	0 	0 	0 	0 	0 	0 	0 	0 	0 	0 	0 	0 	0 	0 	0 	0 	0 	0 	0 	0 	0 	0 	0 	0 	0 	0 	0 	0 	0 	0 	0 	0 	0 	0 	
0 	0 	0 	0 	0 	0 	0 	0 	0 	0 	0 	0 	0 	0 	0 	0 	0 	0 	0 	0 	0 	0 	0 	0 	0 	0 	0 	0 	0 	0 	0 	0 	0 	0 	0 	0 	0 	0 	0 	0 	0 	0 	0 	0 	0 	0 	0 	0 	0 	0 	0 	0 	0 	0 	0 	0 	0 	0 	0 	0 	
0 	0 	0 	0 	0 	0 	0 	0 	0 	0 	0 	0 	0 	0 	0 	0 	0 	0 	0 	0 	0 	0 	0 	0 	0 	0 	0 	0 	0 	0 	0 	0 	0 	0 	0 	0 	0 	0 	0 	0 	0 	0 	0 	0 	0 	0 	0 	0 	0 	0 	0 	0 	0 	0 	0 	0 	0 	0 	0 	0 	
0 	0 	0 	0 	0 	0 	0 	0 	0 	0 	0 	0 	0 	0 	0 	0 	0 	0 	0 	0 	0 	0 	0 	0 	0 	0 	0 	0 	0 	0 	0 	0 	0 	0 	0 	0 	0 	0 	0 	0 	0 	0 	0 	0 	0 	0 	0 	0 	0 	0 	0 	0 	0 	0 	0 	0 	0 	0 	0 	0 	
0 	0 	0 	0 	0 	0 	0 	0 	0 	0 	0 	0 	0 	0 	0 	0 	0 	0 	0 	0 	0 	0 	0 	0 	0 	0 	0 	0 	0 	0 	0 	0 	0 	0 	0 	0 	0 	0 	0 	0 	0 	0 	0 	0 	0 	0 	0 	0 	0 	0 	0 	0 	0 	0 	0 	0 	0 	0 	0 	0 	
0 	0 	0 	0 	0 	0 	0 	0 	0 	0 	0 	0 	0 	0 	0 	0 	0 	0 	0 	0 	0 	0 	0 	0 	0 	0 	0 	0 	0 	0 	0 	0 	0 	0 	0 	0 	0 	0 	0 	0 	0 	0 	0 	0 	0 	0 	0 	0 	0 	0 	0 	0 	0 	0 	0 	0 	0 	0 	0 	0 	
0 	0 	0 	0 	0 	0 	0 	0 	0 	0 	0 	0 	0 	0 	0 	0 	0 	0 	0 	0 	0 	0 	0 	0 	0 	0 	0 	0 	0 	0 	0 	0 	0 	0 	0 	0 	0 	0 	0 	0 	0 	0 	0 	0 	0 	0 	0 	0 	0 	0 	0 	0 	0 	0 	0 	0 	0 	0 	0 	0 	
0 	0 	0 	0 	0 	0 	0 	0 	0 	0 	0 	0 	0 	0 	0 	0 	0 	0 	0 	0 	0 	0 	0 	0 	0 	0 	0 	0 	0 	0 	0 	0 	0 	0 	0 	0 	0 	0 	0 	0 	0 	0 	0 	0 	0 	0 	0 	0 	0 	0 	0 	0 	0 	0 	0 	0 	0 	0 	0 	0 	
0 	0 	0 	0 	0 	0 	0 	0 	0 	0 	0 	0 	0 	0 	0 	0 	0 	0 	0 	0 	0 	0 	0 	0 	0 	0 	0 	0 	0 	0 	0 	0 	0 	0 	0 	0 	0 	0 	0 	0 	0 	0 	0 	0 	0 	0 	0 	0 	0 	0 	0 	0 	0 	0 	0 	0 	0 	0 	0 	0 	
0 	0 	0 	0 	0 	0 	0 	0 	0 	0 	0 	0 	0 	0 	0 	0 	0 	0 	0 	0 	0 	0 	0 	0 	0 	0 	0 	0 	0 	0 	0 	0 	0 	0 	0 	0 	0 	0 	0 	0 	0 	0 	0 	0 	0 	0 	0 	0 	0 	0 	0 	0 	0 	0 	0 	0 	0 	0 	0 	0 	
