61355	['2021'] ['July'] ['01']	1	0 	0 	2 	1 	0 	0 	0 	1 	0 	3 	9 	4 	4 	5 	4 	11 	0 	0 	0 	0 	0 	0 	0 	2 	2 	9 	0 	0 	0 	0 	3 	0 	0 	0 	0 	0 	0 	0 	2 	5 	0 	0 	0 	0 	0 	0 	2 	4 	0 	2 	1 	0 	0 	2 	0 	5 	5 	7 	2 	0 	
61356	['2021'] ['July'] ['01']	1	0 	0 	0 	0 	0 	0 	2 	2 	0 	0 	0 	0 	0 	0 	1 	0 	0 	0 	1 	12 	5 	13 	11 	1 	0 	0 	0 	0 	0 	0 	0 	2 	0 	0 	0 	0 	0 	0 	0 	0 	0 	0 	0 	0 	0 	0 	0 	2 	6 	5 	0 	2 	1 	0 	7 	12 	2 	0 	0 	0 	
61357	['2021'] ['July'] ['01']	1	0 	1 	1 	0 	0 	7 	2 	0 	0 	0 	0 	0 	2 	0 	0 	1 	0 	0 	0 	0 	2 	3 	2 	1 	0 	0 	0 	1 	0 	0 	0 	0 	0 	6 	3 	0 	5 	9 	12 	7 	6 	6 	1 	0 	0 	0 	0 	0 	0 	0 	0 	1 	0 	0 	0 	0 	0 	0 	0 	1 	
61358	['2021'] ['July'] ['01']	1	0 	0 	0 	0 	0 	4 	5 	4 	6 	3 	7 	5 	2 	0 	0 	0 	0 	1 	0 	0 	0 	0 	0 	0 	0 	0 	0 	0 	0 	0 	0 	1 	0 	0 	0 	0 	0 	0 	0 	0 	1 	0 	0 	0 	0 	5 	1 	3 	1 	4 	1 	0 	0 	0 	8 	9 	8 	10 	1 	0 	
61359	['2021'] ['July'] ['01']	1	0 	0 	0 	0 	0 	0 	0 	0 	2 	10 	2 	0 	0 	0 	0 	2 	0 	1 	2 	0 	0 	2 	4 	2 	0 	0 	0 	1 	1 	0 	0 	0 	0 	0 	0 	0 	1 	0 	0 	0 	0 	0 	5 	10 	5 	1 	11 	9 	2 	6 	3 	1 	6 	12 	0 	0 	0 	0 	0 	0 	
61360	['2021'] ['July'] ['01']	1	0 	2 	0 	0 	0 	0 	1 	2 	1 	0 	1 	1 	0 	0 	0 	0 	0 	0 	3 	7 	9 	8 	0 	0 	0 	0 	0 	0 	0 	0 	0 	0 	0 	0 	0 	0 	9 	4 	5 	8 	0 	0 	0 	0 	0 	0 	0 	0 	1 	9 	9 	1 	0 	0 	7 	4 	13 	12 	0 	0 	
61361	['2021'] ['July'] ['01']	1	0 	0 	0 	0 	0 	0 	0 	0 	0 	0 	1 	0 	0 	0 	0 	0 	0 	2 	9 	8 	12 	1 	2 	0 	0 	0 	0 	0 	1 	0 	0 	0 	0 	0 	0 	2 	11 	0 	0 	0 	8 	7 	11 	12 	0 	0 	0 	0 	0 	0 	0 	0 	0 	0 	0 	0 	0 	0 	1 	0 	
61362	['2021'] ['July'] ['01']	1	0 	0 	0 	0 	0 	0 	0 	0 	5 	6 	12 	3 	10 	9 	7 	0 	0 	0 	0 	0 	0 	0 	0 	0 	0 	0 	0 	0 	0 	0 	0 	0 	0 	0 	0 	1 	0 	0 	0 	0 	0 	0 	5 	3 	0 	0 	8 	12 	8 	3 	0 	0 	0 	0 	0 	0 	0 	0 	0 	0 	
61363	['2021'] ['July'] ['01']	1	0 	0 	0 	1 	8 	9 	10 	0 	0 	0 	0 	4 	3 	0 	0 	0 	0 	4 	4 	10 	3 	13 	3 	5 	0 	0 	0 	0 	0 	0 	0 	1 	1 	0 	0 	1 	0 	0 	4 	10 	12 	9 	4 	0 	0 	0 	0 	0 	0 	0 	0 	0 	0 	0 	0 	2 	1 	3 	14 	3 	
61364	['2021'] ['July'] ['01']	1	0 	0 	0 	0 	0 	0 	0 	0 	0 	0 	3 	0 	0 	0 	1 	0 	8 	6 	5 	0 	0 	0 	0 	0 	0 	0 	0 	0 	0 	0 	0 	2 	0 	7 	8 	16 	9 	12 	9 	13 	3 	7 	1 	8 	5 	3 	0 	0 	0 	0 	0 	0 	0 	0 	0 	1 	0 	1 	1 	0 	
61365	['2021'] ['July'] ['01']	1	1 	0 	0 	0 	0 	1 	0 	0 	0 	0 	0 	5 	1 	4 	3 	0 	0 	0 	0 	0 	0 	0 	2 	0 	2 	0 	1 	3 	7 	2 	0 	0 	0 	0 	0 	0 	1 	0 	1 	0 	3 	5 	4 	4 	0 	0 	0 	2 	0 	0 	1 	0 	0 	0 	0 	0 	0 	0 	1 	0 	
61366	['2021'] ['July'] ['01']	1	1 	1 	2 	0 	0 	0 	0 	0 	0 	0 	0 	0 	0 	0 	0 	0 	0 	0 	0 	0 	0 	0 	0 	0 	0 	0 	0 	0 	0 	0 	0 	0 	0 	0 	0 	0 	0 	0 	0 	0 	0 	0 	0 	0 	0 	0 	0 	0 	0 	0 	0 	0 	0 	0 	0 	0 	0 	0 	0 	0 	
61367	['2021'] ['July'] ['01']	1	0 	0 	0 	0 	0 	0 	0 	0 	0 	0 	0 	0 	0 	0 	0 	0 	0 	0 	0 	0 	0 	0 	0 	0 	0 	0 	0 	0 	0 	0 	0 	0 	0 	0 	0 	0 	0 	0 	0 	0 	0 	0 	0 	0 	0 	0 	0 	0 	0 	0 	0 	0 	0 	0 	0 	0 	0 	0 	0 	0 	
61368	['2021'] ['July'] ['01']	1	0 	0 	0 	0 	0 	0 	0 	0 	0 	0 	0 	0 	0 	0 	0 	0 	0 	0 	0 	0 	0 	0 	0 	0 	0 	0 	0 	0 	0 	0 	0 	0 	0 	0 	0 	0 	0 	0 	0 	0 	0 	0 	0 	0 	0 	0 	0 	0 	0 	0 	0 	0 	0 	0 	0 	0 	0 	0 	0 	0 	
61369	['2021'] ['July'] ['01']	1	0 	0 	0 	0 	0 	0 	0 	0 	0 	0 	0 	0 	0 	0 	0 	0 	0 	0 	0 	0 	0 	0 	0 	0 	0 	0 	0 	0 	0 	0 	0 	0 	0 	0 	0 	0 	0 	0 	0 	0 	0 	0 	0 	0 	0 	0 	0 	0 	0 	0 	0 	0 	0 	0 	0 	0 	0 	0 	0 	0 	
61370	['2021'] ['July'] ['01']	1	0 	0 	0 	0 	0 	0 	0 	0 	0 	0 	0 	0 	0 	0 	0 	0 	0 	0 	0 	0 	0 	0 	0 	0 	0 	0 	0 	0 	0 	0 	0 	0 	0 	0 	0 	0 	0 	0 	0 	0 	0 	0 	0 	0 	0 	0 	0 	0 	0 	0 	0 	0 	0 	0 	0 	0 	0 	0 	0 	0 	
61371	['2021'] ['July'] ['01']	1	0 	0 	0 	0 	0 	0 	0 	0 	0 	0 	0 	0 	0 	0 	0 	0 	0 	0 	0 	0 	0 	0 	0 	0 	0 	0 	0 	0 	0 	0 	0 	0 	0 	0 	0 	0 	0 	0 	0 	0 	0 	0 	0 	0 	0 	0 	0 	0 	0 	0 	0 	0 	0 	0 	0 	0 	0 	0 	0 	0 	
61372	['2021'] ['July'] ['01']	1	0 	0 	0 	0 	0 	0 	0 	0 	0 	0 	0 	0 	0 	0 	0 	0 	0 	0 	0 	0 	0 	0 	0 	0 	0 	0 	0 	0 	0 	0 	0 	0 	0 	0 	0 	0 	0 	0 	0 	0 	0 	0 	0 	0 	0 	0 	0 	0 	0 	0 	0 	0 	0 	0 	0 	0 	0 	0 	0 	0 	
61373	['2021'] ['July'] ['01']	1	0 	0 	0 	0 	0 	0 	0 	0 	0 	0 	0 	0 	0 	0 	0 	0 	0 	0 	0 	0 	0 	0 	0 	0 	0 	0 	0 	0 	0 	0 	0 	0 	0 	0 	0 	0 	0 	0 	0 	0 	0 	0 	0 	0 	0 	0 	0 	0 	0 	0 	0 	0 	0 	0 	0 	0 	0 	0 	0 	0 	
61374	['2021'] ['July'] ['01']	1	0 	0 	0 	0 	0 	0 	0 	0 	0 	0 	0 	0 	0 	0 	0 	0 	0 	0 	0 	0 	0 	0 	0 	0 	0 	0 	0 	0 	0 	0 	0 	0 	0 	0 	0 	0 	0 	0 	0 	0 	0 	0 	0 	0 	0 	0 	0 	0 	0 	0 	0 	0 	0 	0 	0 	0 	0 	0 	0 	0 	
61375	['2021'] ['July'] ['01']	1	0 	0 	0 	0 	0 	0 	0 	0 	0 	0 	0 	0 	0 	0 	0 	0 	0 	0 	0 	0 	0 	0 	0 	0 	0 	0 	0 	0 	0 	0 	0 	0 	0 	0 	0 	0 	0 	0 	0 	0 	0 	0 	0 	0 	0 	0 	0 	0 	0 	0 	0 	0 	0 	0 	0 	0 	0 	0 	0 	0 	
61376	['2021'] ['July'] ['01']	1	0 	0 	0 	0 	0 	0 	0 	0 	0 	0 	0 	0 	0 	0 	0 	0 	0 	0 	0 	0 	0 	0 	0 	0 	0 	0 	0 	0 	0 	0 	0 	0 	0 	0 	0 	0 	0 	0 	0 	0 	0 	0 	0 	0 	0 	0 	0 	0 	0 	0 	0 	0 	0 	0 	0 	0 	0 	0 	0 	0 	
61377	['2021'] ['July'] ['01']	1	0 	0 	0 	0 	0 	0 	0 	0 	0 	0 	0 	0 	0 	0 	0 	0 	0 	0 	0 	0 	0 	0 	0 	0 	0 	0 	0 	0 	0 	0 	0 	0 	0 	0 	0 	0 	0 	0 	0 	0 	0 	0 	0 	0 	0 	0 	0 	0 	0 	0 	0 	0 	0 	0 	0 	0 	0 	0 	0 	0 	
61378	['2021'] ['July'] ['02']	1	12 	3 	2 	2 	0 	0 	1 	0 	0 	0 	1 	0 	0 	0 	0 	0 	0 	0 	0 	0 	1 	4 	0 	0 	0 	1 	0 	0 	0 	0 	2 	4 	12 	7 	3 	11 	5 	0 	1 	3 	0 	0 	0 	0 	0 	0 	0 	0 	0 	2 	0 	0 	0 	0 	0 	0 	0 	0 	0 	0 	
61379	['2021'] ['July'] ['02']	1	0 	0 	0 	0 	0 	0 	1 	0 	0 	2 	5 	3 	1 	3 	1 	1 	0 	0 	0 	0 	3 	0 	0 	1 	0 	0 	1 	0 	0 	0 	0 	2 	0 	4 	3 	0 	1 	1 	0 	1 	0 	2 	5 	0 	4 	0 	0 	1 	0 	0 	0 	0 	1 	1 	0 	0 	0 	0 	0 	0 	
61380	['2021'] ['July'] ['02']	1	2 	1 	0 	2 	0 	0 	0 	3 	3 	3 	1 	0 	0 	2 	7 	7 	5 	1 	3 	0 	0 	1 	0 	0 	0 	0 	0 	0 	1 	0 	1 	1 	0 	1 	2 	2 	3 	2 	0 	0 	0 	2 	2 	2 	0 	1 	1 	8 	4 	0 	9 	6 	7 	2 	1 	0 	1 	0 	2 	7 	
61381	['2021'] ['July'] ['02']	1	5 	0 	1 	0 	0 	0 	1 	2 	3 	0 	2 	7 	7 	6 	0 	0 	0 	0 	0 	0 	0 	0 	0 	1 	5 	3 	2 	1 	0 	3 	1 	1 	0 	0 	1 	0 	0 	6 	6 	1 	2 	4 	0 	0 	1 	0 	0 	4 	4 	0 	2 	0 	0 	0 	0 	0 	0 	0 	0 	0 	
61382	['2021'] ['July'] ['02']	1	1 	1 	0 	0 	1 	2 	0 	0 	4 	6 	4 	6 	4 	7 	0 	0 	2 	2 	0 	0 	1 	0 	0 	0 	0 	3 	2 	1 	1 	1 	3 	0 	0 	1 	3 	2 	0 	3 	6 	7 	2 	0 	0 	0 	1 	0 	0 	0 	0 	0 	0 	1 	0 	0 	0 	0 	0 	1 	0 	0 	
61383	['2021'] ['July'] ['02']	1	0 	2 	0 	4 	6 	1 	10 	5 	9 	9 	11 	2 	0 	0 	0 	0 	0 	0 	0 	0 	0 	1 	5 	3 	0 	7 	9 	12 	11 	2 	0 	0 	0 	0 	0 	0 	0 	0 	0 	0 	0 	3 	0 	0 	0 	0 	0 	6 	0 	0 	0 	0 	1 	0 	0 	0 	0 	0 	0 	0 	
61384	['2021'] ['July'] ['02']	1	1 	0 	1 	6 	7 	6 	0 	0 	0 	0 	0 	0 	0 	0 	0 	2 	1 	0 	0 	0 	2 	0 	0 	0 	1 	0 	0 	0 	0 	2 	0 	0 	7 	12 	7 	8 	10 	1 	0 	0 	1 	0 	0 	0 	0 	0 	0 	0 	0 	0 	1 	0 	0 	9 	0 	0 	0 	5 	3 	6 	
61385	['2021'] ['July'] ['02']	1	10 	0 	0 	0 	0 	0 	0 	0 	0 	0 	0 	0 	1 	0 	0 	0 	0 	0 	1 	0 	2 	0 	0 	2 	7 	8 	0 	0 	0 	0 	0 	0 	0 	2 	0 	0 	0 	0 	0 	0 	0 	0 	0 	0 	0 	2 	3 	0 	6 	6 	7 	2 	0 	0 	0 	0 	0 	0 	2 	5 	
61386	['2021'] ['July'] ['02']	1	0 	0 	0 	0 	10 	8 	0 	0 	0 	0 	7 	12 	14 	6 	0 	0 	0 	0 	0 	0 	1 	1 	0 	1 	0 	0 	3 	1 	0 	0 	8 	13 	3 	0 	0 	0 	0 	0 	0 	10 	6 	8 	0 	0 	0 	0 	0 	0 	1 	0 	0 	0 	0 	0 	0 	5 	6 	0 	0 	0 	
61387	['2021'] ['July'] ['02']	1	0 	0 	3 	9 	8 	0 	0 	0 	3 	13 	15 	6 	3 	0 	0 	0 	0 	0 	0 	0 	0 	3 	0 	1 	0 	0 	0 	7 	0 	0 	2 	12 	12 	13 	10 	11 	10 	1 	0 	0 	8 	4 	9 	9 	9 	11 	9 	6 	10 	1 	17 	17 	9 	17 	1 	0 	0 	0 	0 	0 	
61388	['2021'] ['July'] ['02']	1	0 	0 	0 	0 	0 	0 	1 	0 	0 	0 	0 	1 	3 	0 	1 	0 	0 	5 	3 	0 	0 	0 	0 	0 	0 	0 	2 	1 	0 	0 	1 	9 	0 	0 	0 	0 	0 	0 	0 	2 	0 	5 	1 	0 	0 	0 	0 	2 	8 	0 	0 	0 	0 	1 	0 	0 	0 	3 	6 	12 	
61389	['2021'] ['July'] ['02']	1	1 	2 	2 	2 	2 	3 	0 	0 	0 	0 	0 	0 	0 	0 	0 	0 	0 	0 	0 	0 	0 	0 	0 	0 	0 	0 	0 	0 	0 	0 	0 	0 	0 	0 	0 	0 	0 	0 	0 	0 	0 	0 	0 	0 	0 	0 	0 	0 	0 	0 	0 	0 	0 	0 	0 	0 	0 	0 	0 	0 	
61390	['2021'] ['July'] ['02']	1	0 	0 	0 	0 	0 	0 	0 	0 	0 	0 	0 	0 	0 	0 	0 	0 	0 	0 	0 	0 	0 	0 	0 	0 	0 	0 	0 	0 	0 	0 	0 	0 	0 	0 	0 	0 	0 	0 	0 	0 	0 	0 	0 	0 	0 	0 	0 	0 	0 	0 	0 	0 	0 	0 	0 	0 	0 	0 	0 	0 	
61391	['2021'] ['July'] ['02']	1	0 	0 	0 	0 	0 	0 	0 	0 	0 	0 	0 	0 	0 	0 	0 	0 	0 	0 	0 	0 	0 	0 	0 	0 	0 	0 	0 	0 	0 	0 	0 	0 	0 	0 	0 	0 	0 	0 	0 	0 	0 	0 	0 	0 	0 	0 	0 	0 	0 	0 	0 	0 	0 	0 	0 	0 	0 	0 	0 	0 	
61392	['2021'] ['July'] ['02']	1	0 	0 	1 	0 	0 	0 	0 	0 	0 	0 	0 	0 	0 	0 	0 	0 	0 	0 	0 	0 	0 	0 	0 	0 	0 	0 	0 	0 	0 	0 	0 	0 	0 	0 	0 	0 	0 	0 	0 	0 	0 	0 	0 	0 	0 	0 	0 	0 	0 	0 	0 	0 	0 	0 	0 	0 	0 	0 	0 	0 	
61393	['2021'] ['July'] ['02']	1	0 	0 	0 	0 	0 	0 	0 	0 	0 	0 	0 	0 	0 	0 	0 	0 	0 	0 	0 	0 	0 	0 	0 	0 	0 	0 	0 	0 	0 	0 	0 	0 	0 	0 	0 	0 	0 	0 	0 	0 	0 	0 	0 	0 	0 	0 	0 	0 	0 	0 	0 	0 	0 	0 	0 	0 	0 	0 	0 	0 	
61394	['2021'] ['July'] ['02']	1	0 	0 	0 	0 	0 	0 	0 	0 	0 	0 	0 	0 	0 	0 	0 	0 	0 	0 	0 	0 	0 	0 	0 	0 	0 	0 	0 	0 	0 	0 	0 	0 	0 	0 	0 	0 	0 	0 	0 	0 	0 	0 	0 	0 	0 	0 	0 	0 	0 	0 	0 	0 	0 	0 	0 	0 	0 	0 	0 	0 	
61395	['2021'] ['July'] ['02']	1	0 	0 	0 	0 	0 	0 	0 	0 	0 	0 	0 	0 	0 	0 	0 	0 	0 	0 	0 	0 	0 	0 	0 	0 	0 	0 	0 	0 	0 	0 	0 	0 	0 	0 	0 	0 	0 	0 	0 	0 	0 	0 	0 	0 	0 	0 	0 	0 	0 	0 	0 	0 	0 	0 	0 	0 	0 	0 	0 	0 	
61396	['2021'] ['July'] ['02']	1	0 	0 	0 	0 	0 	0 	0 	0 	0 	0 	0 	0 	0 	0 	0 	0 	0 	0 	0 	0 	0 	0 	0 	0 	0 	0 	0 	0 	0 	0 	0 	0 	0 	0 	0 	0 	0 	0 	0 	0 	0 	0 	0 	0 	0 	0 	0 	0 	0 	0 	0 	0 	0 	0 	0 	0 	0 	0 	0 	0 	
61397	['2021'] ['July'] ['02']	1	0 	0 	0 	0 	0 	0 	0 	0 	0 	0 	0 	0 	0 	0 	0 	0 	0 	0 	0 	0 	0 	0 	0 	0 	0 	0 	0 	0 	0 	0 	0 	0 	0 	0 	0 	0 	0 	0 	0 	0 	0 	0 	0 	0 	0 	0 	0 	0 	0 	0 	0 	0 	0 	0 	0 	0 	0 	0 	0 	0 	
61398	['2021'] ['July'] ['02']	1	0 	0 	0 	0 	0 	0 	0 	0 	0 	0 	0 	0 	0 	0 	0 	0 	0 	0 	0 	0 	0 	0 	0 	0 	0 	0 	0 	0 	0 	0 	0 	0 	0 	0 	0 	0 	0 	0 	0 	0 	0 	0 	0 	0 	0 	0 	0 	0 	0 	0 	0 	0 	0 	0 	0 	0 	0 	0 	0 	0 	
61399	['2021'] ['July'] ['02']	1	0 	0 	0 	0 	0 	0 	0 	0 	0 	0 	0 	0 	0 	0 	0 	0 	0 	0 	0 	0 	0 	0 	0 	0 	0 	0 	0 	0 	0 	0 	0 	0 	0 	0 	0 	0 	0 	0 	0 	0 	0 	0 	0 	0 	0 	0 	0 	0 	0 	0 	0 	0 	0 	0 	0 	0 	0 	0 	0 	0 	
61400	['2021'] ['July'] ['02']	1	0 	0 	0 	0 	0 	0 	0 	0 	0 	0 	0 	0 	0 	0 	0 	0 	0 	0 	0 	0 	0 	0 	0 	0 	0 	0 	0 	0 	0 	0 	0 	0 	0 	0 	0 	0 	0 	0 	0 	0 	0 	0 	0 	0 	0 	0 	0 	0 	0 	0 	0 	0 	0 	0 	0 	0 	0 	0 	0 	0 	
61401	['2021'] ['July'] ['03']	1	3 	1 	16 	5 	5 	0 	1 	0 	0 	1 	0 	2 	1 	0 	0 	0 	0 	0 	0 	3 	0 	0 	2 	8 	12 	14 	11 	6 	0 	0 	7 	7 	5 	3 	0 	0 	2 	8 	7 	6 	2 	2 	0 	0 	2 	0 	0 	0 	2 	0 	1 	1 	1 	0 	0 	0 	0 	1 	5 	7 	
61402	['2021'] ['July'] ['03']	1	10 	4 	1 	0 	0 	1 	0 	0 	0 	0 	0 	0 	0 	0 	0 	2 	1 	1 	14 	7 	1 	4 	6 	6 	11 	0 	0 	0 	2 	4 	0 	12 	18 	1 	0 	4 	2 	0 	0 	1 	1 	1 	2 	0 	0 	1 	0 	0 	0 	0 	0 	1 	0 	0 	2 	1 	0 	0 	0 	0 	
61403	['2021'] ['July'] ['03']	1	0 	0 	4 	14 	8 	5 	4 	0 	1 	6 	0 	9 	15 	4 	0 	0 	0 	0 	0 	0 	0 	0 	2 	1 	0 	1 	4 	0 	2 	0 	0 	0 	0 	0 	0 	4 	0 	2 	0 	1 	5 	3 	6 	12 	6 	0 	0 	2 	0 	0 	1 	0 	7 	12 	9 	5 	3 	1 	0 	1 	
61404	['2021'] ['July'] ['03']	1	4 	0 	0 	2 	2 	1 	0 	3 	1 	12 	2 	0 	0 	0 	0 	0 	0 	3 	0 	0 	0 	0 	0 	2 	1 	0 	0 	5 	4 	10 	14 	0 	3 	4 	11 	14 	15 	2 	0 	1 	3 	5 	3 	0 	0 	0 	1 	0 	4 	8 	1 	4 	3 	0 	5 	8 	16 	8 	8 	17 	
61405	['2021'] ['July'] ['03']	1	2 	0 	0 	0 	0 	5 	0 	0 	4 	4 	1 	2 	0 	0 	3 	0 	0 	0 	4 	10 	8 	6 	20 	0 	5 	9 	11 	19 	2 	14 	9 	17 	0 	2 	0 	0 	0 	0 	0 	0 	0 	0 	0 	0 	3 	0 	0 	0 	3 	5 	2 	0 	11 	12 	15 	9 	7 	8 	0 	1 	
61406	['2021'] ['July'] ['03']	1	8 	0 	0 	3 	0 	0 	0 	0 	0 	0 	0 	2 	4 	0 	9 	4 	9 	8 	8 	13 	1 	5 	0 	0 	1 	9 	8 	2 	4 	0 	0 	0 	1 	1 	0 	0 	5 	0 	5 	0 	0 	0 	0 	0 	4 	10 	5 	3 	0 	2 	10 	14 	15 	4 	0 	0 	0 	0 	0 	6 	
61407	['2021'] ['July'] ['03']	1	1 	0 	0 	0 	1 	23 	3 	8 	6 	6 	13 	13 	9 	20 	0 	0 	0 	0 	5 	4 	7 	0 	0 	0 	0 	0 	0 	0 	0 	10 	4 	4 	11 	0 	0 	0 	0 	0 	5 	19 	6 	1 	0 	2 	16 	3 	0 	0 	0 	0 	0 	0 	0 	0 	0 	2 	5 	0 	0 	1 	
61408	['2021'] ['July'] ['03']	1	0 	0 	0 	0 	5 	0 	4 	0 	2 	13 	13 	5 	0 	0 	0 	0 	0 	0 	0 	1 	1 	2 	0 	0 	0 	0 	0 	2 	6 	19 	10 	11 	18 	18 	11 	2 	0 	0 	0 	0 	0 	0 	0 	0 	0 	0 	4 	8 	17 	18 	0 	0 	16 	21 	14 	8 	5 	0 	0 	0 	
61409	['2021'] ['July'] ['03']	1	0 	0 	0 	0 	0 	0 	0 	5 	15 	13 	8 	13 	17 	12 	16 	8 	1 	0 	0 	0 	0 	0 	0 	0 	0 	7 	1 	0 	1 	0 	19 	16 	11 	18 	16 	16 	10 	0 	0 	0 	0 	0 	0 	0 	0 	0 	4 	4 	2 	0 	0 	0 	7 	22 	12 	0 	0 	0 	0 	1 	
61410	['2021'] ['July'] ['03']	1	17 	17 	6 	0 	0 	0 	0 	0 	0 	0 	0 	3 	0 	0 	0 	0 	0 	2 	1 	1 	0 	0 	11 	8 	6 	8 	11 	8 	5 	5 	5 	9 	0 	0 	0 	0 	2 	3 	0 	0 	0 	0 	1 	0 	0 	0 	1 	1 	5 	0 	0 	0 	1 	12 	0 	0 	0 	1 	5 	4 	
61411	['2021'] ['July'] ['03']	1	0 	0 	0 	0 	0 	0 	1 	0 	0 	0 	1 	0 	0 	2 	0 	0 	0 	0 	0 	0 	0 	0 	0 	11 	13 	10 	0 	9 	6 	0 	0 	0 	0 	0 	0 	8 	0 	0 	0 	4 	13 	3 	0 	0 	0 	12 	0 	13 	1 	0 	0 	0 	0 	1 	9 	1 	0 	1 	0 	1 	
61412	['2021'] ['July'] ['03']	1	9 	0 	4 	3 	0 	3 	0 	8 	6 	3 	0 	0 	0 	0 	0 	0 	0 	0 	0 	0 	3 	0 	0 	0 	1 	0 	0 	0 	0 	0 	1 	0 	0 	0 	0 	0 	0 	0 	0 	0 	2 	0 	0 	0 	0 	0 	0 	0 	0 	0 	0 	0 	0 	0 	0 	0 	0 	0 	0 	0 	
61413	['2021'] ['July'] ['03']	1	5 	0 	0 	0 	1 	4 	0 	0 	0 	0 	0 	0 	0 	1 	0 	0 	0 	1 	0 	0 	0 	0 	0 	0 	0 	0 	0 	0 	0 	0 	0 	0 	0 	0 	0 	0 	0 	0 	0 	0 	0 	0 	0 	0 	0 	0 	0 	2 	0 	0 	0 	0 	0 	0 	0 	0 	0 	0 	0 	0 	
61414	['2021'] ['July'] ['03']	1	0 	0 	0 	0 	0 	0 	3 	2 	3 	2 	0 	0 	0 	0 	0 	0 	0 	0 	0 	0 	0 	0 	0 	0 	0 	0 	0 	0 	0 	0 	0 	0 	0 	1 	1 	0 	0 	0 	0 	0 	3 	16 	28 	0 	0 	0 	0 	0 	0 	0 	0 	0 	9 	1 	0 	0 	0 	0 	0 	0 	
61415	['2021'] ['July'] ['03']	1	0 	0 	0 	0 	0 	0 	0 	0 	0 	0 	0 	0 	0 	0 	0 	0 	0 	0 	0 	0 	1 	0 	0 	0 	0 	0 	0 	0 	0 	0 	0 	0 	0 	0 	0 	0 	0 	0 	0 	0 	1 	0 	0 	0 	0 	0 	1 	3 	1 	0 	0 	0 	0 	0 	0 	0 	0 	0 	0 	4 	
61416	['2021'] ['July'] ['03']	1	13 	4 	0 	0 	0 	4 	19 	0 	0 	0 	0 	0 	0 	0 	0 	0 	0 	0 	0 	0 	0 	6 	5 	0 	3 	2 	2 	14 	10 	16 	5 	14 	0 	6 	0 	0 	0 	0 	0 	0 	0 	0 	0 	0 	0 	0 	0 	0 	3 	1 	0 	1 	0 	0 	0 	0 	0 	0 	0 	9 	
61417	['2021'] ['July'] ['03']	1	0 	0 	0 	0 	0 	0 	0 	3 	3 	0 	0 	0 	0 	0 	0 	0 	1 	1 	1 	0 	0 	0 	1 	0 	0 	13 	1 	0 	0 	1 	0 	0 	1 	1 	0 	0 	0 	0 	0 	0 	5 	0 	0 	0 	0 	0 	0 	0 	0 	0 	0 	0 	0 	0 	0 	0 	0 	0 	0 	0 	
61418	['2021'] ['July'] ['03']	1	12 	0 	0 	0 	0 	0 	0 	0 	0 	0 	0 	1 	8 	0 	0 	0 	0 	0 	0 	0 	0 	0 	0 	0 	0 	0 	0 	0 	0 	0 	0 	3 	2 	10 	0 	0 	0 	0 	6 	0 	0 	0 	0 	0 	0 	0 	0 	0 	0 	0 	0 	0 	0 	0 	0 	0 	0 	0 	0 	0 	
61419	['2021'] ['July'] ['03']	1	0 	1 	0 	0 	2 	0 	0 	0 	0 	0 	0 	1 	2 	0 	0 	0 	0 	0 	0 	0 	0 	0 	0 	0 	0 	0 	0 	0 	0 	0 	0 	0 	0 	0 	0 	0 	0 	0 	0 	0 	0 	0 	0 	0 	0 	0 	0 	0 	0 	0 	0 	0 	0 	0 	0 	0 	0 	0 	0 	0 	
61420	['2021'] ['July'] ['03']	1	0 	0 	0 	0 	1 	0 	0 	0 	1 	0 	0 	0 	0 	0 	0 	0 	0 	0 	0 	2 	0 	0 	0 	0 	0 	0 	0 	0 	1 	0 	0 	0 	0 	0 	0 	0 	0 	0 	0 	0 	0 	0 	0 	0 	0 	1 	0 	0 	0 	0 	1 	3 	0 	0 	0 	0 	0 	0 	0 	0 	
61421	['2021'] ['July'] ['03']	1	0 	0 	2 	2 	0 	0 	0 	0 	0 	0 	0 	0 	0 	0 	0 	0 	0 	0 	1 	0 	0 	0 	0 	0 	0 	0 	0 	0 	0 	0 	0 	0 	0 	0 	0 	0 	0 	0 	0 	0 	0 	0 	0 	0 	0 	0 	0 	0 	0 	0 	0 	0 	0 	0 	0 	0 	0 	0 	0 	0 	
61422	['2021'] ['July'] ['03']	1	0 	0 	0 	0 	0 	0 	0 	0 	0 	0 	0 	0 	0 	0 	0 	0 	0 	0 	0 	0 	0 	0 	0 	0 	0 	0 	0 	0 	0 	0 	0 	0 	0 	0 	0 	0 	0 	0 	0 	0 	0 	0 	0 	0 	0 	0 	0 	0 	0 	0 	0 	0 	0 	0 	0 	8 	6 	4 	2 	3 	
61423	['2021'] ['July'] ['03']	1	0 	0 	3 	8 	0 	0 	0 	0 	0 	0 	0 	0 	0 	0 	0 	0 	8 	0 	0 	0 	3 	1 	0 	0 	2 	0 	0 	0 	0 	0 	0 	0 	0 	0 	1 	0 	0 	0 	0 	0 	1 	0 	0 	0 	2 	0 	0 	0 	0 	0 	0 	2 	0 	0 	0 	0 	0 	0 	0 	0 	
61424	['2021'] ['July'] ['04']	1	2 	0 	0 	0 	0 	0 	0 	6 	12 	13 	5 	0 	0 	0 	0 	1 	1 	11 	9 	9 	0 	0 	0 	0 	3 	0 	0 	0 	0 	0 	0 	0 	0 	5 	5 	0 	2 	2 	0 	1 	1 	0 	0 	0 	0 	0 	0 	1 	2 	0 	0 	0 	0 	3 	4 	0 	0 	0 	3 	0 	
61425	['2021'] ['July'] ['04']	1	0 	3 	11 	6 	0 	0 	0 	0 	0 	0 	0 	0 	0 	0 	0 	0 	0 	0 	0 	1 	6 	1 	0 	2 	0 	4 	7 	4 	13 	7 	6 	7 	1 	0 	0 	0 	0 	0 	10 	1 	10 	10 	10 	0 	0 	0 	0 	6 	0 	0 	0 	2 	0 	3 	1 	7 	0 	0 	0 	0 	
61426	['2021'] ['July'] ['04']	1	0 	0 	0 	2 	0 	0 	4 	1 	4 	0 	0 	0 	0 	0 	0 	0 	0 	0 	0 	3 	0 	0 	2 	5 	0 	1 	0 	0 	0 	0 	0 	0 	1 	0 	0 	0 	0 	0 	0 	7 	0 	0 	1 	5 	2 	0 	0 	0 	0 	0 	0 	0 	0 	0 	0 	0 	0 	0 	0 	0 	
61427	['2021'] ['July'] ['04']	1	0 	0 	14 	9 	4 	0 	0 	0 	0 	0 	0 	0 	0 	0 	0 	0 	0 	0 	6 	2 	0 	0 	11 	14 	13 	9 	0 	0 	0 	14 	0 	0 	0 	0 	0 	0 	8 	0 	0 	0 	0 	0 	0 	1 	10 	7 	5 	0 	0 	0 	0 	12 	10 	5 	5 	9 	4 	8 	0 	0 	
61428	['2021'] ['July'] ['04']	1	0 	0 	0 	0 	0 	0 	0 	0 	0 	0 	0 	4 	2 	0 	0 	0 	0 	0 	0 	10 	7 	1 	13 	17 	11 	13 	9 	14 	12 	9 	0 	0 	0 	4 	8 	0 	0 	0 	0 	0 	0 	0 	0 	3 	3 	4 	0 	0 	0 	0 	0 	5 	0 	0 	0 	12 	11 	0 	0 	8 	
61429	['2021'] ['July'] ['04']	1	16 	3 	0 	0 	7 	0 	0 	0 	6 	0 	0 	0 	0 	16 	13 	3 	16 	2 	14 	15 	0 	0 	0 	0 	0 	0 	0 	0 	1 	2 	0 	0 	1 	9 	4 	0 	0 	0 	1 	0 	17 	15 	13 	5 	11 	15 	1 	0 	0 	0 	16 	0 	0 	0 	0 	0 	0 	4 	5 	2 	
61430	['2021'] ['July'] ['04']	1	6 	0 	0 	0 	0 	0 	0 	0 	0 	0 	0 	7 	13 	13 	9 	0 	0 	0 	0 	0 	0 	1 	0 	0 	16 	9 	16 	1 	0 	0 	2 	5 	0 	0 	0 	0 	0 	0 	0 	0 	0 	0 	0 	0 	0 	0 	0 	8 	8 	13 	5 	5 	0 	1 	1 	1 	1 	4 	9 	4 	
61431	['2021'] ['July'] ['04']	1	0 	0 	0 	0 	0 	0 	0 	0 	0 	0 	0 	6 	14 	18 	8 	12 	0 	0 	0 	0 	0 	0 	0 	0 	5 	15 	10 	0 	0 	0 	0 	0 	0 	0 	0 	0 	1 	0 	1 	1 	0 	0 	6 	3 	1 	1 	3 	5 	3 	0 	0 	1 	2 	0 	0 	0 	0 	0 	0 	0 	
61432	['2021'] ['July'] ['04']	1	0 	0 	0 	0 	0 	0 	1 	0 	2 	18 	9 	0 	0 	0 	0 	0 	0 	0 	0 	0 	0 	7 	8 	0 	0 	1 	0 	0 	7 	9 	15 	7 	0 	0 	0 	0 	0 	0 	0 	0 	0 	0 	0 	0 	0 	1 	0 	11 	11 	0 	0 	0 	0 	0 	0 	0 	0 	0 	14 	9 	
61433	['2021'] ['July'] ['04']	1	0 	0 	0 	0 	0 	1 	15 	0 	0 	0 	0 	0 	2 	11 	13 	11 	0 	0 	0 	0 	0 	1 	0 	0 	3 	7 	4 	8 	19 	9 	5 	0 	0 	2 	0 	2 	0 	0 	0 	0 	0 	0 	0 	0 	1 	1 	2 	5 	0 	0 	1 	0 	0 	0 	0 	0 	0 	0 	3 	0 	
61434	['2021'] ['July'] ['04']	1	13 	9 	3 	0 	0 	0 	0 	1 	0 	0 	0 	0 	0 	0 	0 	0 	0 	9 	0 	0 	0 	0 	0 	1 	6 	9 	13 	6 	3 	0 	0 	0 	0 	0 	0 	1 	10 	3 	0 	0 	1 	1 	1 	0 	0 	1 	0 	0 	6 	0 	0 	0 	0 	7 	1 	13 	5 	1 	1 	0 	
61435	['2021'] ['July'] ['04']	1	0 	0 	1 	0 	0 	0 	0 	0 	0 	0 	0 	0 	0 	0 	0 	0 	0 	0 	0 	0 	0 	0 	0 	0 	0 	0 	0 	0 	0 	0 	0 	0 	0 	0 	0 	0 	0 	0 	0 	0 	0 	0 	0 	0 	0 	0 	0 	0 	0 	0 	0 	0 	0 	0 	0 	0 	0 	0 	0 	0 	
61436	['2021'] ['July'] ['04']	1	0 	0 	0 	0 	0 	0 	0 	0 	0 	0 	0 	0 	0 	0 	0 	0 	0 	0 	0 	0 	0 	0 	0 	0 	0 	0 	0 	0 	0 	0 	0 	0 	0 	0 	0 	0 	0 	0 	0 	0 	0 	0 	0 	0 	0 	0 	0 	0 	0 	0 	0 	0 	0 	0 	0 	0 	0 	0 	0 	0 	
61437	['2021'] ['July'] ['04']	1	0 	0 	0 	0 	0 	0 	0 	0 	0 	0 	0 	0 	0 	0 	0 	0 	0 	0 	0 	0 	0 	0 	0 	0 	0 	0 	0 	0 	0 	0 	0 	0 	0 	0 	0 	0 	0 	0 	0 	0 	0 	0 	0 	0 	0 	0 	0 	0 	0 	0 	0 	0 	0 	0 	0 	0 	0 	0 	0 	0 	
61438	['2021'] ['July'] ['04']	1	0 	0 	0 	0 	0 	0 	0 	0 	0 	0 	0 	0 	0 	0 	0 	0 	0 	0 	0 	0 	0 	0 	0 	0 	0 	0 	0 	0 	0 	0 	0 	0 	0 	0 	0 	0 	0 	0 	0 	0 	0 	0 	0 	0 	0 	0 	0 	0 	0 	0 	0 	0 	0 	0 	0 	0 	0 	0 	0 	0 	
61439	['2021'] ['July'] ['04']	1	0 	0 	0 	0 	0 	0 	0 	0 	0 	0 	0 	0 	0 	0 	0 	0 	0 	0 	0 	0 	0 	0 	0 	0 	0 	0 	0 	0 	0 	0 	0 	0 	0 	0 	0 	0 	0 	0 	0 	0 	0 	0 	0 	0 	0 	0 	0 	0 	0 	0 	0 	0 	0 	0 	0 	0 	0 	0 	0 	0 	
61440	['2021'] ['July'] ['04']	1	0 	0 	0 	0 	0 	0 	0 	0 	0 	0 	0 	0 	0 	0 	0 	0 	0 	0 	0 	0 	0 	0 	0 	0 	0 	0 	0 	0 	1 	0 	0 	0 	0 	0 	0 	0 	0 	0 	0 	0 	0 	0 	0 	0 	0 	0 	0 	0 	0 	0 	0 	0 	0 	0 	0 	0 	0 	0 	0 	0 	
61441	['2021'] ['July'] ['04']	1	0 	0 	0 	0 	0 	0 	0 	0 	0 	0 	0 	0 	0 	0 	0 	0 	0 	0 	0 	0 	0 	0 	0 	0 	0 	0 	0 	0 	0 	0 	0 	0 	0 	0 	0 	0 	0 	0 	0 	0 	0 	0 	0 	0 	0 	0 	0 	0 	0 	0 	0 	0 	0 	0 	0 	0 	0 	0 	0 	0 	
61442	['2021'] ['July'] ['04']	1	0 	0 	0 	0 	0 	0 	0 	0 	0 	0 	0 	0 	0 	0 	0 	0 	0 	0 	0 	0 	0 	0 	0 	0 	0 	0 	0 	0 	0 	0 	0 	0 	0 	0 	0 	0 	0 	0 	0 	0 	0 	0 	0 	0 	0 	0 	0 	0 	0 	0 	0 	0 	0 	0 	0 	0 	0 	0 	0 	0 	
61443	['2021'] ['July'] ['04']	1	0 	0 	0 	0 	0 	0 	0 	0 	0 	0 	0 	0 	0 	0 	0 	0 	0 	0 	0 	0 	0 	0 	0 	0 	0 	0 	0 	0 	0 	0 	0 	0 	0 	0 	0 	0 	0 	0 	0 	0 	0 	0 	0 	0 	0 	0 	0 	0 	0 	0 	0 	0 	0 	0 	0 	0 	0 	0 	0 	0 	
61444	['2021'] ['July'] ['04']	1	0 	0 	0 	0 	0 	0 	0 	0 	0 	0 	0 	0 	0 	0 	0 	0 	0 	0 	0 	0 	0 	0 	0 	0 	0 	0 	0 	0 	0 	0 	0 	0 	0 	0 	0 	0 	0 	0 	0 	0 	0 	0 	0 	0 	0 	0 	0 	0 	0 	0 	0 	0 	0 	0 	0 	0 	0 	0 	0 	0 	
61445	['2021'] ['July'] ['04']	1	0 	0 	0 	0 	0 	0 	0 	0 	0 	0 	0 	0 	0 	0 	0 	0 	0 	0 	0 	0 	0 	0 	0 	0 	0 	0 	0 	0 	0 	0 	0 	0 	0 	0 	0 	0 	0 	0 	0 	0 	0 	0 	0 	0 	0 	0 	0 	0 	0 	0 	0 	0 	0 	0 	0 	0 	0 	0 	0 	0 	
61446	['2021'] ['July'] ['04']	1	0 	0 	0 	0 	0 	0 	0 	0 	0 	0 	0 	0 	0 	0 	0 	0 	0 	0 	0 	0 	0 	0 	0 	0 	0 	0 	0 	0 	0 	0 	0 	0 	0 	0 	0 	0 	0 	0 	0 	0 	0 	0 	0 	0 	0 	0 	0 	0 	0 	0 	0 	0 	0 	0 	0 	0 	0 	0 	0 	0 	
61447	['2021'] ['July'] ['05']	1	0 	0 	0 	0 	1 	2 	1 	9 	11 	8 	5 	9 	0 	0 	0 	1 	0 	6 	0 	0 	0 	0 	0 	0 	0 	1 	0 	0 	0 	0 	0 	0 	0 	1 	4 	0 	1 	6 	0 	8 	0 	0 	0 	1 	1 	6 	11 	11 	5 	0 	0 	0 	1 	0 	0 	0 	0 	0 	0 	0 	
61448	['2021'] ['July'] ['05']	1	0 	0 	0 	0 	0 	0 	0 	0 	3 	1 	0 	0 	0 	0 	0 	0 	0 	0 	0 	0 	0 	0 	0 	1 	4 	0 	3 	13 	11 	10 	9 	11 	1 	3 	0 	0 	0 	0 	0 	0 	0 	0 	0 	0 	0 	4 	4 	0 	5 	2 	0 	7 	1 	0 	3 	2 	0 	0 	1 	0 	
61449	['2021'] ['July'] ['05']	1	0 	6 	7 	1 	5 	1 	10 	7 	13 	6 	1 	1 	0 	1 	0 	4 	1 	0 	1 	0 	1 	0 	3 	2 	8 	4 	0 	10 	11 	5 	13 	0 	0 	1 	0 	0 	0 	0 	0 	1 	0 	0 	1 	0 	0 	0 	0 	2 	1 	0 	0 	6 	12 	0 	0 	5 	5 	0 	0 	0 	
61450	['2021'] ['July'] ['05']	1	0 	3 	2 	13 	0 	1 	1 	2 	5 	0 	0 	0 	0 	0 	0 	0 	0 	0 	0 	1 	1 	0 	0 	2 	16 	11 	11 	7 	0 	6 	8 	5 	11 	9 	3 	0 	0 	0 	0 	0 	2 	3 	1 	0 	0 	2 	0 	0 	0 	0 	0 	0 	0 	0 	0 	0 	0 	0 	0 	0 	
61451	['2021'] ['July'] ['05']	1	0 	0 	0 	0 	0 	0 	0 	0 	0 	0 	0 	2 	2 	0 	0 	0 	4 	13 	11 	2 	0 	0 	1 	3 	12 	12 	1 	0 	1 	0 	1 	0 	0 	0 	0 	0 	0 	0 	1 	6 	4 	12 	10 	0 	4 	2 	12 	2 	3 	1 	0 	0 	0 	0 	0 	0 	0 	2 	4 	1 	
61452	['2021'] ['July'] ['05']	1	0 	4 	0 	0 	0 	1 	0 	3 	3 	1 	0 	0 	2 	2 	1 	4 	1 	0 	0 	0 	0 	0 	0 	0 	0 	1 	0 	6 	9 	8 	10 	13 	0 	1 	0 	0 	0 	0 	0 	0 	0 	0 	0 	0 	0 	0 	0 	3 	0 	0 	0 	0 	0 	6 	2 	12 	2 	0 	0 	2 	
61453	['2021'] ['July'] ['05']	1	10 	0 	0 	0 	5 	0 	0 	0 	0 	0 	0 	0 	0 	0 	0 	0 	0 	0 	0 	0 	1 	5 	1 	5 	9 	1 	5 	8 	5 	8 	8 	0 	0 	0 	0 	0 	4 	8 	1 	7 	0 	0 	0 	0 	0 	0 	0 	0 	0 	0 	0 	0 	0 	0 	0 	0 	11 	7 	0 	0 	
61454	['2021'] ['July'] ['05']	1	0 	16 	2 	0 	0 	2 	0 	0 	1 	4 	0 	0 	0 	0 	0 	0 	0 	0 	7 	8 	13 	0 	0 	8 	7 	16 	0 	0 	0 	2 	0 	0 	1 	0 	0 	0 	1 	5 	2 	0 	0 	0 	0 	0 	0 	0 	11 	0 	0 	0 	0 	0 	0 	0 	4 	8 	4 	11 	1 	0 	
61455	['2021'] ['July'] ['05']	1	0 	0 	0 	0 	0 	0 	4 	14 	17 	2 	2 	2 	1 	0 	0 	0 	0 	0 	7 	8 	0 	8 	0 	0 	1 	0 	0 	9 	5 	0 	0 	0 	0 	0 	0 	0 	2 	10 	0 	0 	0 	0 	0 	0 	0 	0 	0 	0 	0 	0 	0 	0 	0 	0 	0 	0 	0 	0 	0 	0 	
61456	['2021'] ['July'] ['05']	1	1 	0 	1 	14 	12 	13 	1 	0 	0 	0 	0 	0 	0 	0 	0 	0 	0 	0 	0 	0 	0 	0 	0 	0 	0 	0 	0 	0 	0 	0 	1 	0 	0 	0 	0 	0 	0 	0 	1 	4 	2 	5 	17 	12 	6 	11 	15 	12 	16 	16 	18 	2 	2 	1 	1 	6 	5 	0 	0 	0 	
61457	['2021'] ['July'] ['05']	1	0 	0 	1 	1 	0 	0 	0 	1 	0 	0 	0 	0 	0 	0 	0 	0 	0 	0 	0 	0 	0 	0 	0 	0 	0 	0 	0 	0 	0 	0 	0 	1 	0 	0 	0 	0 	0 	0 	1 	1 	0 	0 	0 	0 	0 	0 	0 	0 	0 	0 	0 	0 	0 	0 	0 	0 	0 	1 	0 	0 	
61458	['2021'] ['July'] ['05']	1	0 	0 	0 	0 	3 	0 	0 	1 	0 	1 	0 	0 	0 	0 	0 	0 	0 	0 	0 	0 	0 	0 	0 	0 	0 	0 	0 	0 	0 	0 	0 	0 	0 	0 	0 	0 	0 	0 	0 	0 	0 	0 	0 	0 	0 	0 	0 	0 	0 	0 	0 	0 	0 	0 	0 	0 	0 	0 	0 	0 	
61459	['2021'] ['July'] ['05']	1	0 	0 	0 	0 	0 	0 	0 	0 	0 	0 	0 	0 	0 	0 	0 	0 	0 	0 	0 	0 	0 	0 	0 	0 	0 	0 	0 	0 	0 	0 	0 	0 	0 	0 	0 	0 	0 	0 	0 	0 	0 	0 	0 	0 	0 	0 	0 	0 	0 	0 	0 	0 	0 	0 	0 	0 	0 	0 	0 	0 	
61460	['2021'] ['July'] ['05']	1	0 	0 	0 	0 	0 	0 	0 	0 	0 	0 	0 	0 	0 	0 	0 	0 	0 	0 	0 	0 	0 	0 	0 	0 	0 	0 	0 	0 	0 	0 	0 	0 	0 	0 	0 	0 	0 	0 	0 	0 	0 	0 	0 	0 	0 	0 	0 	0 	0 	0 	0 	0 	0 	0 	0 	0 	0 	0 	0 	0 	
61461	['2021'] ['July'] ['05']	1	0 	0 	0 	0 	0 	0 	0 	0 	0 	0 	0 	0 	0 	0 	0 	0 	0 	0 	0 	0 	0 	0 	0 	0 	0 	0 	0 	0 	0 	0 	0 	0 	0 	0 	0 	0 	0 	0 	0 	0 	0 	0 	0 	0 	0 	0 	0 	0 	0 	0 	0 	0 	0 	0 	0 	0 	0 	0 	0 	0 	
61462	['2021'] ['July'] ['05']	1	0 	0 	0 	0 	0 	0 	0 	0 	0 	0 	0 	0 	0 	0 	0 	0 	0 	0 	0 	0 	0 	0 	0 	0 	0 	0 	0 	0 	0 	0 	0 	0 	0 	0 	0 	0 	0 	0 	0 	0 	0 	0 	0 	0 	0 	0 	0 	0 	0 	0 	0 	0 	0 	0 	0 	0 	0 	0 	0 	0 	
61463	['2021'] ['July'] ['05']	1	0 	0 	0 	0 	0 	0 	0 	0 	0 	0 	0 	0 	0 	0 	0 	0 	0 	0 	0 	0 	0 	0 	0 	0 	0 	0 	0 	0 	0 	0 	0 	0 	0 	0 	0 	0 	0 	0 	0 	0 	0 	0 	0 	0 	0 	0 	0 	0 	0 	0 	0 	0 	0 	0 	0 	0 	0 	0 	0 	0 	
61464	['2021'] ['July'] ['05']	1	0 	0 	0 	0 	0 	0 	0 	0 	0 	0 	0 	0 	0 	0 	0 	0 	0 	0 	0 	0 	0 	0 	0 	0 	0 	0 	0 	0 	0 	0 	0 	0 	0 	0 	0 	0 	0 	0 	0 	0 	0 	0 	0 	0 	0 	0 	0 	0 	0 	0 	0 	0 	0 	0 	0 	0 	0 	0 	0 	0 	
61465	['2021'] ['July'] ['05']	1	0 	0 	0 	0 	0 	0 	0 	0 	0 	0 	0 	0 	0 	0 	0 	0 	0 	0 	0 	0 	0 	0 	0 	0 	0 	0 	0 	0 	0 	0 	0 	0 	0 	0 	0 	0 	0 	0 	0 	0 	0 	0 	0 	0 	0 	0 	0 	0 	0 	0 	0 	0 	0 	0 	0 	0 	0 	0 	0 	0 	
61466	['2021'] ['July'] ['05']	1	0 	0 	0 	0 	0 	0 	0 	0 	0 	0 	0 	0 	0 	0 	0 	0 	0 	0 	0 	0 	0 	0 	0 	0 	0 	0 	0 	0 	0 	0 	0 	0 	0 	0 	0 	0 	0 	0 	0 	0 	0 	0 	0 	0 	0 	0 	0 	0 	0 	0 	0 	0 	0 	0 	0 	0 	0 	0 	0 	0 	
61467	['2021'] ['July'] ['05']	1	0 	0 	0 	0 	0 	0 	0 	0 	0 	0 	0 	0 	0 	0 	0 	0 	0 	0 	0 	0 	0 	0 	0 	0 	0 	0 	0 	0 	0 	0 	0 	0 	0 	0 	0 	0 	0 	0 	0 	0 	0 	0 	0 	0 	0 	0 	0 	0 	0 	0 	0 	0 	0 	0 	0 	0 	0 	0 	0 	0 	
61468	['2021'] ['July'] ['05']	1	0 	0 	0 	0 	0 	0 	0 	0 	0 	0 	0 	0 	0 	0 	0 	0 	0 	0 	0 	0 	0 	0 	0 	0 	0 	0 	0 	0 	0 	0 	0 	0 	0 	0 	0 	0 	0 	0 	0 	0 	0 	0 	0 	0 	0 	0 	0 	0 	0 	0 	0 	0 	0 	0 	0 	0 	0 	0 	0 	0 	
61469	['2021'] ['July'] ['05']	1	0 	0 	0 	0 	0 	0 	0 	0 	0 	0 	0 	0 	0 	0 	0 	0 	0 	0 	0 	0 	0 	0 	0 	0 	0 	0 	0 	0 	0 	0 	0 	0 	0 	0 	0 	0 	0 	0 	0 	0 	0 	0 	0 	0 	0 	0 	0 	0 	0 	0 	0 	0 	0 	0 	0 	0 	0 	0 	0 	0 	
61470	['2021'] ['July'] ['06']	1	0 	0 	0 	0 	0 	0 	0 	5 	0 	0 	0 	8 	7 	0 	0 	0 	0 	10 	2 	0 	0 	0 	0 	5 	7 	13 	4 	1 	8 	14 	12 	17 	12 	9 	3 	0 	0 	0 	1 	0 	0 	0 	1 	0 	1 	0 	0 	0 	0 	0 	5 	0 	0 	0 	3 	5 	8 	6 	0 	0 	
61471	['2021'] ['July'] ['06']	1	0 	9 	11 	8 	0 	0 	0 	0 	0 	0 	0 	0 	0 	0 	0 	0 	0 	2 	0 	4 	17 	4 	0 	5 	4 	3 	4 	15 	0 	0 	13 	17 	18 	18 	9 	6 	0 	0 	0 	0 	7 	0 	0 	0 	3 	13 	2 	0 	8 	0 	15 	6 	0 	0 	0 	0 	0 	0 	0 	5 	
61472	['2021'] ['July'] ['06']	1	5 	4 	0 	18 	6 	2 	3 	2 	0 	0 	0 	4 	0 	6 	3 	2 	2 	8 	0 	7 	6 	17 	15 	15 	17 	9 	0 	0 	0 	0 	0 	0 	4 	0 	4 	0 	1 	0 	0 	6 	17 	4 	10 	1 	6 	3 	0 	0 	8 	0 	7 	2 	3 	9 	15 	2 	10 	0 	0 	0 	
61473	['2021'] ['July'] ['06']	1	0 	0 	6 	0 	12 	16 	11 	13 	13 	14 	17 	8 	8 	0 	1 	17 	16 	9 	15 	7 	0 	4 	14 	11 	4 	3 	0 	0 	0 	0 	4 	3 	5 	5 	0 	0 	0 	4 	0 	0 	5 	0 	0 	14 	14 	6 	5 	8 	4 	6 	0 	0 	0 	3 	5 	0 	0 	0 	0 	0 	
61474	['2021'] ['July'] ['06']	1	0 	0 	0 	0 	0 	0 	3 	0 	4 	0 	10 	6 	2 	11 	7 	5 	0 	0 	0 	0 	6 	6 	4 	0 	4 	4 	11 	13 	10 	0 	0 	0 	0 	0 	0 	0 	0 	0 	0 	0 	0 	1 	0 	1 	10 	6 	0 	0 	8 	2 	9 	12 	5 	3 	0 	0 	0 	0 	0 	0 	
61475	['2021'] ['July'] ['06']	1	0 	3 	0 	0 	0 	0 	0 	0 	2 	6 	10 	8 	0 	10 	15 	5 	1 	0 	0 	0 	0 	3 	2 	9 	2 	1 	3 	0 	13 	2 	1 	0 	0 	0 	0 	0 	0 	0 	0 	0 	0 	0 	0 	0 	8 	18 	3 	15 	10 	2 	3 	4 	0 	0 	0 	0 	0 	0 	0 	0 	
61476	['2021'] ['July'] ['06']	1	0 	0 	1 	10 	6 	8 	7 	0 	0 	0 	0 	0 	0 	0 	0 	0 	0 	2 	6 	11 	1 	0 	0 	0 	0 	0 	0 	0 	0 	4 	0 	0 	16 	1 	18 	12 	12 	0 	0 	0 	11 	12 	6 	0 	8 	0 	0 	3 	16 	10 	11 	0 	0 	0 	0 	0 	0 	0 	0 	0 	
61477	['2021'] ['July'] ['06']	1	0 	0 	1 	0 	0 	0 	0 	10 	14 	0 	0 	0 	0 	0 	0 	0 	0 	0 	0 	0 	0 	0 	0 	0 	0 	0 	0 	0 	0 	3 	11 	12 	16 	10 	0 	0 	0 	0 	0 	0 	1 	7 	8 	9 	14 	7 	0 	1 	2 	0 	0 	0 	0 	0 	0 	0 	0 	0 	0 	0 	
61478	['2021'] ['July'] ['06']	1	2 	0 	0 	0 	1 	19 	15 	0 	0 	0 	0 	0 	0 	0 	3 	0 	0 	0 	0 	0 	0 	0 	0 	0 	0 	0 	0 	0 	0 	0 	0 	3 	9 	0 	1 	0 	1 	14 	3 	0 	0 	1 	8 	0 	10 	10 	15 	10 	3 	0 	0 	0 	0 	0 	0 	0 	0 	0 	0 	0 	
61479	['2021'] ['July'] ['06']	1	0 	0 	0 	0 	0 	0 	1 	4 	3 	0 	0 	0 	1 	0 	6 	14 	16 	4 	0 	0 	0 	0 	0 	0 	0 	0 	0 	0 	0 	0 	0 	0 	0 	0 	0 	0 	0 	2 	13 	8 	12 	8 	8 	7 	10 	14 	0 	2 	1 	0 	0 	0 	0 	0 	0 	0 	0 	0 	0 	0 	
61480	['2021'] ['July'] ['06']	1	0 	0 	0 	0 	4 	8 	0 	6 	0 	0 	0 	0 	0 	0 	0 	0 	3 	5 	0 	1 	14 	11 	0 	0 	0 	1 	3 	0 	0 	0 	0 	0 	0 	0 	0 	0 	0 	0 	0 	0 	0 	0 	6 	0 	0 	0 	1 	2 	10 	3 	3 	4 	3 	0 	0 	0 	0 	0 	0 	0 	
61481	['2021'] ['July'] ['06']	1	0 	0 	0 	0 	0 	0 	0 	0 	0 	0 	0 	0 	0 	0 	0 	0 	0 	0 	0 	0 	0 	0 	0 	0 	0 	0 	0 	0 	0 	0 	0 	0 	0 	0 	0 	0 	0 	0 	0 	0 	0 	0 	0 	0 	0 	0 	0 	0 	0 	0 	0 	0 	0 	0 	0 	0 	0 	0 	0 	0 	
61482	['2021'] ['July'] ['06']	1	0 	0 	0 	0 	0 	0 	0 	0 	0 	0 	0 	0 	0 	0 	0 	0 	0 	0 	0 	0 	0 	0 	0 	0 	0 	0 	0 	0 	0 	0 	0 	0 	0 	0 	0 	0 	0 	0 	0 	0 	0 	0 	0 	0 	0 	0 	0 	0 	0 	0 	0 	0 	0 	0 	0 	0 	0 	0 	0 	0 	
61483	['2021'] ['July'] ['06']	1	0 	0 	0 	0 	0 	0 	0 	0 	0 	0 	0 	0 	0 	0 	0 	0 	0 	0 	0 	0 	0 	0 	0 	0 	0 	0 	0 	0 	0 	0 	0 	0 	0 	0 	0 	0 	0 	0 	0 	0 	0 	0 	0 	0 	0 	0 	0 	0 	0 	0 	0 	0 	0 	0 	0 	0 	0 	0 	0 	0 	
61484	['2021'] ['July'] ['06']	1	0 	0 	0 	0 	0 	0 	0 	0 	0 	0 	0 	0 	0 	0 	0 	0 	0 	0 	0 	0 	0 	0 	0 	0 	0 	0 	0 	0 	0 	0 	0 	0 	0 	0 	0 	0 	0 	0 	0 	0 	0 	0 	0 	0 	0 	0 	0 	0 	0 	0 	0 	0 	0 	0 	0 	0 	0 	0 	0 	0 	
61485	['2021'] ['July'] ['06']	1	0 	0 	0 	0 	0 	0 	0 	0 	0 	0 	0 	0 	0 	0 	0 	0 	0 	0 	0 	0 	0 	0 	0 	0 	0 	0 	0 	0 	0 	0 	0 	0 	0 	0 	0 	0 	0 	0 	0 	0 	0 	0 	0 	0 	0 	0 	0 	0 	0 	0 	0 	0 	0 	0 	0 	0 	0 	0 	0 	0 	
61486	['2021'] ['July'] ['06']	1	0 	0 	0 	0 	0 	0 	0 	0 	0 	0 	0 	0 	0 	0 	0 	0 	0 	0 	0 	0 	0 	0 	0 	0 	0 	0 	0 	0 	0 	0 	0 	0 	0 	0 	0 	0 	0 	0 	0 	0 	0 	0 	0 	0 	0 	0 	0 	0 	0 	0 	0 	0 	0 	0 	0 	0 	0 	0 	0 	0 	
61487	['2021'] ['July'] ['06']	1	0 	0 	0 	0 	0 	0 	0 	0 	0 	0 	0 	0 	0 	0 	0 	0 	0 	0 	0 	0 	0 	0 	0 	0 	0 	0 	0 	0 	0 	0 	0 	0 	0 	0 	0 	0 	0 	0 	0 	0 	0 	0 	0 	0 	0 	0 	0 	0 	0 	0 	0 	0 	0 	0 	0 	0 	0 	0 	0 	0 	
61488	['2021'] ['July'] ['06']	1	0 	0 	0 	0 	0 	0 	0 	0 	0 	0 	0 	0 	0 	0 	0 	0 	0 	0 	0 	0 	0 	0 	0 	0 	0 	0 	0 	0 	0 	0 	0 	0 	0 	0 	0 	0 	0 	0 	0 	0 	0 	0 	0 	0 	0 	0 	0 	0 	0 	0 	0 	0 	0 	0 	0 	0 	0 	0 	0 	0 	
61489	['2021'] ['July'] ['06']	1	0 	0 	0 	0 	0 	0 	0 	0 	0 	0 	0 	0 	0 	0 	0 	0 	0 	0 	0 	0 	0 	0 	0 	0 	0 	0 	0 	0 	0 	0 	0 	0 	0 	0 	0 	0 	0 	0 	0 	0 	0 	0 	0 	0 	0 	0 	0 	0 	0 	0 	0 	0 	0 	0 	0 	0 	0 	0 	0 	0 	
61490	['2021'] ['July'] ['06']	1	0 	0 	0 	0 	0 	0 	0 	0 	0 	0 	0 	0 	0 	0 	0 	0 	0 	0 	0 	0 	0 	0 	0 	0 	0 	0 	0 	0 	0 	0 	0 	0 	0 	0 	0 	0 	0 	0 	0 	0 	0 	0 	0 	0 	0 	0 	0 	0 	0 	0 	0 	0 	0 	0 	0 	0 	0 	0 	0 	0 	
61491	['2021'] ['July'] ['06']	1	0 	0 	0 	0 	0 	0 	0 	0 	0 	0 	0 	0 	0 	0 	0 	0 	0 	0 	0 	0 	0 	0 	0 	0 	0 	0 	0 	0 	0 	0 	0 	0 	0 	0 	0 	0 	0 	0 	0 	0 	0 	0 	0 	0 	0 	0 	0 	0 	0 	0 	0 	0 	0 	0 	0 	0 	0 	0 	0 	0 	
61492	['2021'] ['July'] ['06']	1	0 	0 	0 	0 	0 	0 	0 	0 	0 	0 	0 	0 	0 	0 	0 	0 	0 	0 	0 	0 	0 	0 	0 	0 	0 	0 	0 	0 	0 	0 	0 	0 	0 	0 	0 	0 	0 	0 	0 	0 	0 	0 	0 	0 	0 	0 	0 	0 	0 	0 	0 	0 	0 	0 	0 	0 	0 	0 	0 	0 	
61493	['2021'] ['July'] ['07']	1	0 	0 	0 	0 	0 	0 	1 	0 	0 	0 	2 	6 	7 	0 	4 	0 	0 	0 	0 	8 	1 	8 	2 	0 	0 	0 	0 	1 	0 	13 	13 	9 	0 	0 	0 	2 	0 	0 	7 	10 	0 	0 	0 	0 	6 	7 	0 	1 	7 	0 	0 	4 	5 	1 	0 	0 	0 	8 	2 	0 	
61494	['2021'] ['July'] ['07']	1	2 	11 	15 	7 	0 	0 	0 	0 	0 	0 	0 	2 	2 	7 	7 	4 	0 	0 	7 	12 	13 	19 	3 	0 	0 	0 	0 	6 	2 	0 	0 	0 	1 	5 	0 	14 	1 	0 	0 	0 	0 	0 	0 	0 	0 	10 	13 	0 	0 	9 	3 	0 	0 	1 	1 	0 	5 	4 	1 	0 	
61495	['2021'] ['July'] ['07']	1	12 	9 	11 	4 	9 	1 	0 	0 	0 	0 	5 	10 	0 	2 	0 	0 	0 	0 	0 	0 	0 	0 	0 	0 	0 	0 	10 	2 	4 	0 	0 	0 	0 	6 	14 	0 	0 	0 	0 	0 	14 	4 	0 	7 	7 	3 	0 	0 	0 	11 	9 	0 	18 	5 	0 	0 	0 	0 	0 	0 	
61496	['2021'] ['July'] ['07']	1	0 	0 	0 	0 	0 	0 	0 	7 	13 	0 	7 	0 	4 	9 	17 	5 	0 	3 	0 	0 	7 	0 	0 	0 	4 	2 	0 	0 	0 	2 	0 	0 	0 	0 	0 	0 	0 	0 	2 	0 	0 	0 	1 	0 	0 	0 	0 	3 	7 	1 	14 	11 	9 	2 	0 	4 	1 	6 	3 	0 	
61497	['2021'] ['July'] ['07']	1	0 	5 	4 	12 	11 	0 	10 	2 	0 	0 	0 	0 	0 	0 	0 	0 	0 	0 	0 	14 	7 	19 	14 	17 	17 	20 	3 	12 	16 	6 	7 	10 	9 	4 	0 	0 	0 	0 	0 	0 	0 	0 	2 	6 	0 	0 	1 	14 	0 	0 	0 	1 	3 	0 	5 	3 	0 	0 	0 	0 	
61498	['2021'] ['July'] ['07']	1	0 	0 	0 	4 	0 	0 	11 	15 	6 	0 	0 	3 	5 	0 	0 	0 	0 	0 	0 	0 	8 	18 	16 	17 	19 	5 	0 	6 	0 	0 	17 	0 	6 	4 	5 	0 	0 	0 	0 	0 	0 	0 	5 	0 	0 	0 	0 	0 	0 	0 	3 	0 	0 	0 	0 	0 	0 	19 	16 	16 	
61499	['2021'] ['July'] ['07']	1	13 	9 	0 	0 	0 	0 	0 	0 	0 	0 	0 	0 	0 	0 	0 	0 	4 	2 	0 	10 	5 	5 	0 	0 	0 	0 	0 	0 	0 	0 	12 	14 	13 	6 	17 	17 	10 	2 	0 	0 	0 	0 	0 	0 	0 	0 	0 	0 	0 	0 	0 	0 	0 	0 	0 	4 	0 	0 	0 	0 	
61500	['2021'] ['July'] ['07']	1	0 	0 	0 	0 	0 	0 	0 	5 	0 	0 	12 	12 	1 	5 	12 	1 	0 	0 	0 	0 	0 	0 	0 	0 	0 	0 	0 	0 	0 	2 	9 	3 	18 	18 	13 	13 	0 	0 	0 	0 	0 	0 	0 	0 	0 	0 	0 	0 	0 	9 	14 	9 	0 	0 	0 	0 	0 	0 	0 	0 	
61501	['2021'] ['July'] ['07']	1	0 	0 	0 	0 	0 	0 	11 	12 	0 	0 	0 	0 	0 	0 	0 	0 	0 	0 	0 	0 	0 	0 	0 	0 	0 	0 	0 	1 	18 	2 	15 	0 	0 	0 	0 	0 	0 	0 	0 	0 	0 	0 	0 	0 	0 	0 	0 	0 	2 	6 	0 	0 	0 	0 	0 	0 	0 	0 	0 	0 	
61502	['2021'] ['July'] ['07']	1	0 	0 	0 	0 	5 	10 	0 	3 	0 	0 	0 	0 	0 	0 	0 	0 	0 	0 	3 	4 	0 	0 	0 	14 	9 	6 	0 	0 	0 	0 	0 	0 	0 	5 	17 	18 	22 	20 	15 	15 	13 	12 	15 	12 	7 	9 	12 	8 	13 	10 	10 	0 	5 	2 	0 	0 	0 	0 	0 	0 	
61503	['2021'] ['July'] ['07']	1	0 	0 	0 	0 	2 	0 	0 	2 	1 	6 	2 	12 	11 	8 	1 	0 	0 	0 	0 	0 	0 	0 	0 	0 	0 	0 	0 	0 	0 	0 	0 	0 	0 	0 	0 	0 	0 	0 	0 	0 	0 	0 	0 	0 	0 	0 	0 	0 	0 	0 	0 	0 	0 	0 	0 	0 	0 	1 	0 	0 	
61504	['2021'] ['July'] ['07']	1	0 	0 	0 	0 	0 	0 	0 	0 	0 	0 	0 	0 	0 	0 	0 	0 	0 	0 	0 	0 	0 	0 	0 	0 	0 	0 	0 	0 	0 	0 	0 	0 	0 	0 	0 	0 	0 	0 	0 	0 	0 	0 	0 	0 	0 	0 	0 	0 	0 	0 	0 	0 	0 	0 	0 	0 	0 	0 	0 	0 	
61505	['2021'] ['July'] ['07']	1	0 	0 	0 	0 	0 	0 	0 	0 	0 	0 	0 	0 	0 	0 	0 	0 	0 	0 	0 	0 	0 	0 	0 	0 	0 	0 	0 	0 	0 	0 	0 	0 	0 	0 	0 	0 	0 	0 	0 	0 	0 	0 	0 	0 	0 	0 	0 	0 	0 	0 	0 	0 	0 	0 	0 	0 	0 	0 	0 	0 	
61506	['2021'] ['July'] ['07']	1	0 	0 	0 	0 	0 	0 	0 	0 	0 	0 	0 	0 	0 	0 	0 	0 	0 	0 	0 	0 	0 	0 	0 	0 	0 	0 	0 	0 	0 	0 	0 	0 	0 	0 	0 	0 	0 	0 	0 	0 	0 	0 	0 	0 	0 	0 	0 	0 	0 	0 	0 	0 	0 	0 	0 	0 	0 	0 	0 	0 	
61507	['2021'] ['July'] ['07']	1	0 	0 	0 	0 	0 	0 	0 	0 	0 	0 	0 	0 	0 	0 	0 	0 	0 	0 	0 	0 	0 	0 	0 	0 	0 	0 	0 	0 	0 	0 	0 	0 	0 	0 	0 	0 	0 	0 	0 	0 	0 	0 	0 	0 	0 	0 	0 	0 	0 	0 	0 	0 	0 	0 	0 	0 	0 	0 	0 	0 	
61508	['2021'] ['July'] ['07']	1	0 	0 	0 	0 	0 	0 	0 	0 	0 	0 	0 	0 	0 	0 	0 	0 	0 	0 	0 	0 	0 	0 	0 	0 	0 	0 	0 	0 	0 	0 	0 	0 	0 	0 	0 	0 	0 	0 	0 	0 	0 	0 	0 	0 	0 	0 	0 	0 	0 	0 	0 	0 	0 	0 	0 	0 	0 	0 	0 	0 	
61509	['2021'] ['July'] ['07']	1	0 	0 	0 	0 	0 	0 	0 	0 	0 	0 	0 	0 	0 	0 	0 	0 	0 	0 	0 	0 	0 	0 	0 	0 	0 	0 	0 	0 	0 	0 	0 	0 	0 	0 	0 	0 	0 	0 	0 	0 	0 	0 	0 	0 	0 	0 	0 	0 	0 	0 	0 	0 	0 	0 	0 	0 	0 	0 	0 	0 	
61510	['2021'] ['July'] ['07']	1	0 	0 	0 	0 	0 	0 	0 	0 	0 	0 	0 	0 	0 	0 	0 	0 	0 	0 	0 	0 	0 	0 	0 	0 	0 	0 	0 	0 	0 	0 	0 	0 	0 	0 	0 	0 	0 	0 	0 	0 	0 	0 	0 	0 	0 	0 	0 	0 	0 	0 	0 	0 	0 	0 	0 	0 	0 	0 	0 	0 	
61511	['2021'] ['July'] ['07']	1	0 	0 	0 	0 	0 	0 	0 	0 	0 	0 	0 	0 	0 	0 	0 	0 	0 	0 	0 	0 	0 	0 	0 	0 	0 	0 	0 	0 	0 	0 	0 	0 	0 	0 	0 	0 	0 	0 	0 	0 	0 	0 	0 	0 	0 	0 	0 	0 	0 	0 	0 	0 	0 	0 	0 	0 	0 	0 	0 	0 	
61512	['2021'] ['July'] ['07']	1	0 	0 	0 	0 	0 	0 	0 	0 	0 	0 	0 	0 	0 	0 	0 	0 	0 	0 	0 	0 	0 	0 	0 	0 	0 	0 	0 	0 	0 	0 	0 	0 	0 	0 	0 	0 	0 	0 	0 	0 	0 	0 	0 	0 	0 	0 	0 	0 	0 	0 	0 	0 	0 	0 	0 	0 	0 	0 	0 	0 	
61513	['2021'] ['July'] ['07']	1	0 	0 	0 	0 	0 	0 	0 	0 	0 	0 	0 	0 	0 	0 	0 	0 	0 	0 	0 	0 	0 	0 	0 	0 	0 	0 	0 	0 	0 	0 	0 	0 	0 	0 	0 	0 	0 	0 	0 	0 	0 	0 	0 	0 	0 	0 	0 	0 	0 	0 	0 	0 	0 	0 	0 	0 	0 	0 	0 	0 	
61514	['2021'] ['July'] ['07']	1	0 	0 	0 	0 	0 	0 	0 	0 	0 	0 	0 	0 	0 	0 	0 	0 	0 	0 	0 	0 	0 	0 	0 	0 	0 	0 	0 	0 	0 	0 	0 	0 	0 	0 	0 	0 	0 	0 	0 	0 	0 	0 	0 	0 	0 	0 	0 	0 	0 	0 	0 	0 	0 	0 	0 	0 	0 	0 	0 	0 	
61515	['2021'] ['July'] ['07']	1	0 	0 	0 	0 	0 	0 	0 	0 	0 	0 	0 	0 	0 	0 	0 	0 	0 	0 	0 	0 	0 	0 	0 	0 	0 	0 	0 	0 	0 	0 	0 	0 	0 	0 	0 	0 	0 	0 	0 	0 	0 	0 	0 	0 	0 	0 	0 	0 	0 	0 	0 	0 	0 	0 	0 	0 	0 	0 	0 	0 	
61516	['2021'] ['July'] ['08']	1	7 	2 	0 	0 	0 	0 	0 	0 	6 	0 	3 	0 	7 	3 	0 	0 	5 	6 	0 	0 	0 	0 	0 	0 	0 	0 	0 	0 	0 	0 	1 	0 	0 	3 	0 	3 	14 	15 	7 	0 	4 	19 	0 	0 	0 	6 	0 	0 	0 	0 	0 	0 	3 	0 	0 	0 	0 	0 	2 	0 	
61517	['2021'] ['July'] ['08']	1	0 	1 	1 	0 	0 	0 	0 	1 	0 	0 	2 	0 	2 	11 	14 	9 	2 	0 	0 	2 	0 	0 	0 	2 	0 	0 	0 	0 	0 	0 	0 	0 	4 	14 	0 	1 	13 	0 	11 	0 	13 	9 	7 	8 	0 	0 	0 	4 	2 	10 	4 	11 	16 	3 	0 	0 	0 	0 	0 	0 	
61518	['2021'] ['July'] ['08']	1	0 	0 	0 	1 	1 	0 	0 	0 	0 	0 	0 	0 	0 	0 	0 	0 	0 	0 	0 	0 	0 	4 	0 	0 	4 	0 	0 	0 	0 	0 	15 	0 	8 	7 	6 	0 	0 	5 	2 	3 	6 	0 	0 	2 	0 	1 	2 	0 	10 	5 	0 	0 	1 	8 	9 	11 	4 	0 	0 	0 	
61519	['2021'] ['July'] ['08']	1	0 	0 	0 	0 	0 	0 	0 	0 	3 	1 	4 	0 	0 	0 	0 	6 	5 	4 	4 	3 	0 	0 	0 	5 	0 	5 	0 	0 	10 	8 	18 	12 	6 	2 	2 	4 	6 	0 	0 	0 	0 	0 	2 	5 	15 	6 	2 	0 	0 	3 	2 	14 	0 	8 	16 	10 	8 	6 	0 	0 	
61520	['2021'] ['July'] ['08']	1	0 	3 	7 	0 	0 	0 	0 	5 	4 	0 	0 	0 	2 	4 	21 	2 	16 	9 	0 	0 	0 	0 	0 	0 	0 	0 	0 	4 	0 	0 	0 	0 	8 	0 	0 	0 	1 	4 	15 	2 	3 	6 	0 	0 	0 	5 	7 	0 	0 	0 	5 	0 	0 	0 	0 	0 	4 	0 	0 	4 	
61521	['2021'] ['July'] ['08']	1	0 	0 	0 	0 	0 	0 	0 	4 	0 	0 	3 	2 	6 	4 	15 	3 	6 	1 	4 	0 	0 	4 	0 	1 	0 	0 	0 	0 	3 	0 	0 	0 	0 	0 	2 	0 	0 	5 	0 	4 	0 	0 	3 	0 	0 	0 	0 	0 	0 	0 	0 	0 	4 	5 	0 	6 	9 	9 	0 	1 	
61522	['2021'] ['July'] ['08']	1	7 	0 	0 	8 	0 	2 	0 	18 	13 	12 	0 	0 	0 	0 	0 	0 	0 	0 	0 	2 	0 	0 	2 	0 	15 	4 	0 	0 	0 	7 	11 	0 	0 	0 	0 	2 	11 	0 	0 	0 	0 	0 	0 	0 	0 	0 	0 	8 	0 	0 	0 	0 	0 	0 	5 	0 	0 	0 	0 	0 	
61523	['2021'] ['July'] ['08']	1	0 	0 	9 	0 	6 	0 	0 	0 	0 	4 	0 	0 	0 	0 	0 	0 	0 	0 	0 	0 	5 	3 	0 	3 	4 	0 	3 	0 	0 	0 	0 	0 	0 	0 	0 	0 	11 	0 	9 	2 	0 	0 	0 	0 	0 	0 	0 	0 	0 	0 	3 	0 	0 	0 	0 	0 	0 	0 	0 	0 	
61524	['2021'] ['July'] ['08']	1	4 	0 	0 	0 	11 	2 	0 	0 	0 	0 	0 	2 	2 	6 	6 	5 	8 	4 	0 	0 	0 	4 	0 	15 	0 	0 	0 	3 	0 	0 	0 	0 	0 	0 	0 	0 	0 	0 	0 	0 	0 	0 	0 	0 	0 	0 	0 	0 	0 	0 	0 	0 	0 	0 	12 	4 	7 	0 	0 	8 	
61525	['2021'] ['July'] ['08']	1	0 	1 	0 	0 	0 	0 	0 	2 	0 	0 	0 	0 	0 	0 	0 	0 	0 	0 	0 	0 	1 	0 	0 	0 	0 	0 	0 	2 	0 	0 	0 	0 	0 	6 	0 	4 	12 	9 	4 	4 	8 	9 	11 	12 	4 	12 	2 	1 	0 	0 	0 	0 	0 	0 	0 	0 	0 	0 	0 	0 	
61526	['2021'] ['July'] ['08']	1	0 	0 	0 	0 	0 	0 	0 	0 	0 	0 	0 	0 	0 	0 	0 	0 	0 	0 	0 	0 	0 	0 	0 	1 	0 	0 	0 	0 	0 	0 	0 	0 	0 	0 	0 	0 	0 	0 	0 	0 	0 	6 	0 	0 	0 	0 	0 	0 	0 	0 	0 	0 	0 	0 	0 	0 	0 	0 	0 	0 	
61527	['2021'] ['July'] ['08']	1	0 	0 	0 	0 	1 	0 	0 	0 	0 	0 	0 	0 	0 	0 	0 	0 	0 	0 	0 	0 	0 	0 	0 	0 	0 	0 	0 	0 	0 	0 	0 	0 	0 	0 	0 	0 	0 	0 	0 	0 	0 	0 	0 	0 	0 	0 	0 	0 	0 	0 	0 	0 	0 	0 	0 	0 	0 	0 	0 	0 	
61528	['2021'] ['July'] ['08']	1	0 	0 	0 	0 	0 	0 	0 	0 	0 	0 	0 	0 	0 	0 	0 	0 	0 	0 	0 	0 	0 	0 	0 	0 	0 	0 	0 	0 	0 	0 	0 	0 	0 	0 	0 	0 	0 	0 	0 	0 	0 	0 	0 	0 	0 	0 	0 	0 	0 	0 	0 	0 	0 	0 	0 	0 	0 	0 	0 	0 	
61529	['2021'] ['July'] ['08']	1	0 	0 	0 	0 	0 	0 	0 	0 	0 	0 	0 	0 	0 	0 	0 	0 	0 	0 	0 	0 	0 	0 	0 	0 	0 	0 	0 	0 	0 	0 	0 	0 	0 	0 	0 	0 	0 	0 	0 	0 	0 	0 	0 	0 	0 	0 	0 	0 	0 	0 	0 	0 	0 	0 	0 	0 	0 	0 	0 	0 	
61530	['2021'] ['July'] ['08']	1	0 	0 	0 	0 	0 	0 	0 	0 	0 	0 	0 	0 	0 	0 	0 	0 	0 	0 	0 	0 	0 	0 	0 	0 	0 	0 	0 	0 	0 	0 	0 	0 	0 	0 	0 	0 	0 	0 	0 	0 	0 	0 	0 	0 	0 	0 	0 	0 	0 	0 	0 	0 	0 	0 	0 	0 	0 	0 	0 	0 	
61531	['2021'] ['July'] ['08']	1	0 	0 	0 	0 	0 	0 	0 	0 	0 	0 	0 	0 	0 	0 	0 	0 	0 	0 	0 	0 	0 	0 	0 	0 	0 	0 	0 	0 	0 	0 	0 	0 	0 	0 	0 	0 	0 	0 	0 	0 	0 	0 	0 	0 	0 	0 	0 	0 	0 	0 	0 	0 	0 	0 	0 	0 	0 	0 	0 	0 	
61532	['2021'] ['July'] ['08']	1	0 	0 	0 	0 	0 	0 	0 	0 	0 	0 	0 	0 	0 	0 	0 	0 	0 	0 	0 	0 	0 	0 	0 	0 	0 	0 	0 	0 	0 	0 	0 	0 	0 	0 	0 	0 	0 	0 	0 	0 	0 	0 	0 	0 	0 	0 	0 	0 	0 	0 	0 	0 	0 	0 	0 	0 	0 	0 	0 	0 	
61533	['2021'] ['July'] ['08']	1	0 	0 	0 	0 	0 	0 	0 	0 	0 	0 	0 	0 	0 	0 	0 	0 	0 	0 	0 	0 	0 	0 	0 	0 	0 	0 	0 	0 	0 	0 	0 	0 	0 	0 	0 	0 	0 	0 	0 	0 	0 	0 	0 	0 	0 	0 	0 	0 	0 	0 	0 	0 	0 	0 	0 	0 	0 	0 	0 	0 	
61534	['2021'] ['July'] ['08']	1	0 	0 	0 	0 	0 	0 	0 	0 	0 	0 	0 	0 	0 	0 	0 	0 	0 	0 	0 	0 	0 	0 	0 	0 	0 	0 	0 	0 	0 	0 	0 	0 	0 	0 	0 	0 	0 	0 	0 	0 	0 	0 	0 	0 	0 	0 	0 	0 	0 	0 	0 	0 	0 	0 	0 	0 	0 	0 	0 	0 	
61535	['2021'] ['July'] ['08']	1	0 	0 	0 	0 	0 	0 	0 	0 	0 	0 	0 	0 	0 	0 	0 	0 	0 	0 	0 	0 	0 	0 	0 	0 	0 	0 	0 	0 	0 	0 	0 	0 	0 	0 	0 	0 	0 	0 	0 	0 	0 	0 	0 	0 	0 	0 	0 	0 	0 	0 	0 	0 	0 	0 	0 	0 	0 	0 	0 	0 	
61536	['2021'] ['July'] ['08']	1	0 	0 	0 	0 	0 	0 	0 	0 	0 	0 	0 	0 	0 	0 	0 	0 	0 	0 	0 	0 	0 	0 	0 	0 	0 	0 	0 	0 	0 	0 	0 	0 	0 	0 	0 	0 	0 	0 	0 	0 	0 	0 	0 	0 	0 	0 	0 	0 	0 	0 	0 	0 	0 	0 	0 	0 	0 	0 	0 	0 	
61537	['2021'] ['July'] ['08']	1	0 	0 	0 	0 	0 	0 	0 	0 	0 	0 	0 	0 	0 	0 	0 	0 	0 	0 	0 	0 	0 	0 	0 	0 	0 	0 	0 	0 	0 	0 	0 	0 	0 	0 	0 	0 	0 	0 	0 	0 	0 	0 	0 	0 	0 	0 	0 	0 	0 	0 	0 	0 	0 	0 	0 	0 	0 	0 	0 	0 	
61538	['2021'] ['July'] ['08']	1	0 	0 	0 	0 	0 	0 	0 	0 	0 	0 	0 	0 	0 	0 	0 	0 	0 	0 	0 	0 	0 	0 	0 	0 	0 	0 	0 	0 	0 	0 	0 	0 	0 	0 	0 	0 	0 	0 	0 	0 	0 	0 	0 	0 	0 	0 	0 	0 	0 	0 	0 	0 	0 	0 	0 	0 	0 	0 	0 	0 	
61539	['2021'] ['July'] ['09']	1	0 	0 	3 	11 	16 	0 	18 	10 	0 	7 	0 	0 	2 	0 	0 	0 	11 	10 	0 	0 	0 	0 	2 	17 	0 	5 	0 	0 	0 	4 	0 	0 	0 	0 	0 	0 	0 	3 	9 	3 	0 	9 	21 	10 	1 	1 	4 	0 	0 	0 	0 	1 	6 	1 	0 	0 	0 	0 	12 	3 	
61540	['2021'] ['July'] ['09']	1	0 	0 	0 	0 	0 	0 	2 	2 	0 	5 	6 	7 	3 	0 	0 	6 	3 	0 	5 	4 	0 	9 	0 	0 	0 	0 	0 	0 	0 	0 	3 	7 	12 	0 	0 	0 	7 	0 	3 	0 	1 	0 	0 	4 	0 	0 	0 	0 	0 	0 	3 	17 	4 	15 	4 	2 	6 	10 	1 	2 	
61541	['2021'] ['July'] ['09']	1	0 	3 	0 	0 	2 	7 	0 	5 	1 	4 	7 	7 	11 	3 	1 	4 	1 	9 	11 	5 	0 	2 	3 	5 	5 	2 	6 	0 	0 	4 	11 	6 	4 	3 	0 	1 	4 	13 	12 	8 	10 	1 	0 	0 	0 	0 	0 	0 	3 	5 	5 	6 	8 	4 	4 	6 	0 	0 	0 	12 	
61542	['2021'] ['July'] ['09']	1	9 	3 	7 	1 	0 	4 	3 	3 	0 	0 	0 	0 	0 	0 	2 	0 	0 	0 	0 	0 	2 	3 	7 	1 	13 	8 	0 	0 	0 	9 	5 	0 	0 	0 	1 	2 	0 	0 	2 	6 	0 	1 	0 	4 	1 	0 	0 	0 	0 	0 	5 	9 	6 	0 	0 	0 	0 	1 	3 	0 	
61543	['2021'] ['July'] ['09']	1	13 	10 	0 	0 	6 	4 	7 	0 	1 	12 	7 	7 	0 	0 	0 	0 	0 	0 	0 	3 	10 	1 	2 	0 	0 	0 	1 	1 	0 	0 	6 	0 	1 	0 	0 	5 	10 	9 	11 	0 	5 	0 	0 	3 	8 	7 	17 	10 	6 	4 	2 	8 	0 	0 	0 	0 	0 	0 	0 	0 	
61544	['2021'] ['July'] ['09']	1	0 	0 	0 	0 	0 	0 	0 	0 	2 	5 	7 	12 	4 	0 	0 	11 	4 	0 	11 	0 	3 	3 	0 	0 	0 	0 	0 	0 	0 	0 	3 	0 	0 	0 	7 	3 	6 	8 	0 	0 	0 	10 	4 	12 	4 	1 	0 	0 	0 	0 	0 	0 	0 	0 	0 	0 	0 	7 	9 	0 	
61545	['2021'] ['July'] ['09']	1	0 	4 	0 	0 	0 	0 	0 	0 	0 	0 	0 	1 	0 	4 	4 	0 	0 	0 	0 	2 	6 	2 	2 	0 	3 	4 	1 	0 	0 	0 	0 	3 	14 	16 	2 	0 	7 	5 	14 	1 	9 	0 	4 	0 	0 	0 	0 	0 	0 	0 	2 	0 	11 	0 	5 	0 	4 	0 	5 	8 	
61546	['2021'] ['July'] ['09']	1	7 	0 	1 	13 	0 	0 	2 	0 	0 	0 	0 	0 	0 	0 	4 	4 	14 	5 	9 	0 	2 	0 	0 	0 	0 	0 	5 	3 	0 	0 	3 	1 	0 	10 	0 	12 	9 	0 	0 	0 	0 	0 	0 	0 	2 	0 	8 	2 	3 	3 	0 	0 	0 	0 	2 	14 	11 	2 	0 	0 	
61547	['2021'] ['July'] ['09']	1	0 	0 	0 	0 	0 	1 	8 	21 	5 	0 	0 	0 	6 	1 	0 	0 	0 	0 	0 	0 	0 	0 	0 	0 	3 	12 	0 	0 	1 	0 	2 	0 	0 	0 	10 	3 	15 	2 	0 	0 	0 	0 	0 	0 	0 	6 	0 	0 	10 	0 	10 	2 	0 	0 	2 	0 	8 	2 	8 	0 	
61548	['2021'] ['July'] ['09']	1	6 	9 	0 	0 	0 	0 	0 	0 	0 	0 	0 	0 	0 	0 	10 	0 	4 	0 	0 	2 	5 	9 	5 	0 	0 	0 	0 	1 	2 	0 	0 	4 	6 	8 	14 	16 	14 	9 	14 	10 	15 	6 	12 	6 	13 	14 	15 	10 	15 	11 	9 	9 	0 	0 	0 	0 	0 	0 	0 	0 	
61549	['2021'] ['July'] ['09']	1	0 	0 	0 	0 	0 	0 	0 	2 	0 	2 	0 	0 	0 	0 	0 	0 	0 	0 	0 	0 	0 	0 	0 	0 	0 	0 	0 	2 	0 	7 	1 	0 	5 	3 	6 	3 	0 	0 	0 	0 	0 	0 	0 	0 	2 	0 	0 	0 	0 	0 	0 	0 	0 	2 	1 	0 	0 	0 	0 	0 	
61550	['2021'] ['July'] ['09']	1	0 	0 	0 	0 	0 	0 	0 	0 	0 	0 	0 	0 	0 	0 	0 	0 	0 	0 	0 	0 	0 	0 	0 	0 	0 	0 	0 	0 	0 	0 	0 	0 	0 	0 	0 	0 	0 	0 	0 	0 	0 	0 	0 	0 	0 	0 	0 	0 	0 	0 	0 	0 	0 	0 	0 	0 	0 	0 	0 	0 	
61551	['2021'] ['July'] ['09']	1	0 	0 	0 	0 	0 	0 	0 	0 	0 	0 	0 	0 	0 	0 	0 	0 	0 	0 	0 	0 	0 	0 	0 	0 	0 	0 	0 	0 	0 	0 	0 	0 	0 	0 	0 	0 	0 	0 	0 	0 	0 	0 	0 	0 	0 	0 	0 	0 	0 	0 	0 	0 	0 	0 	0 	0 	0 	0 	0 	0 	
61552	['2021'] ['July'] ['09']	1	0 	0 	0 	0 	0 	0 	0 	0 	0 	0 	0 	0 	0 	0 	0 	0 	0 	0 	0 	0 	0 	0 	0 	0 	0 	0 	0 	0 	0 	0 	0 	0 	0 	0 	0 	0 	0 	0 	0 	0 	0 	0 	0 	0 	0 	0 	0 	0 	0 	0 	0 	0 	0 	0 	0 	0 	0 	0 	0 	0 	
61553	['2021'] ['July'] ['09']	1	0 	0 	0 	0 	0 	0 	0 	0 	0 	0 	0 	0 	0 	0 	0 	0 	0 	0 	0 	0 	0 	0 	0 	0 	0 	0 	0 	0 	0 	0 	0 	0 	0 	0 	0 	0 	0 	0 	0 	0 	0 	0 	0 	0 	0 	0 	0 	0 	0 	0 	0 	0 	0 	0 	0 	0 	0 	0 	0 	0 	
61554	['2021'] ['July'] ['09']	1	0 	0 	0 	0 	0 	0 	0 	0 	0 	0 	0 	0 	0 	0 	0 	0 	0 	0 	0 	0 	0 	0 	0 	0 	0 	0 	0 	0 	0 	0 	0 	0 	0 	0 	0 	0 	0 	0 	0 	0 	0 	0 	0 	0 	0 	0 	0 	0 	0 	0 	0 	0 	0 	0 	0 	0 	0 	0 	0 	0 	
61555	['2021'] ['July'] ['09']	1	0 	0 	0 	0 	0 	0 	0 	0 	0 	0 	0 	0 	0 	0 	0 	0 	0 	0 	0 	0 	0 	0 	0 	0 	0 	0 	0 	0 	0 	0 	0 	0 	0 	0 	0 	0 	0 	0 	0 	0 	0 	0 	0 	0 	0 	0 	0 	0 	0 	0 	0 	0 	0 	0 	0 	0 	0 	0 	0 	0 	
61556	['2021'] ['July'] ['09']	1	0 	0 	0 	0 	0 	0 	0 	0 	0 	0 	0 	0 	0 	0 	0 	0 	0 	0 	0 	0 	0 	0 	0 	0 	0 	0 	0 	0 	0 	0 	0 	0 	0 	0 	0 	0 	0 	0 	0 	0 	0 	0 	0 	0 	0 	0 	0 	0 	0 	0 	0 	0 	0 	0 	0 	0 	0 	0 	0 	0 	
61557	['2021'] ['July'] ['09']	1	0 	0 	0 	0 	0 	0 	0 	0 	0 	0 	0 	0 	0 	0 	0 	0 	0 	0 	0 	0 	0 	0 	0 	0 	0 	0 	0 	0 	0 	0 	0 	0 	0 	0 	0 	0 	0 	0 	0 	0 	0 	0 	0 	0 	0 	0 	0 	0 	0 	0 	0 	0 	0 	0 	0 	0 	0 	0 	0 	0 	
61558	['2021'] ['July'] ['09']	1	0 	0 	0 	0 	0 	0 	0 	0 	0 	0 	0 	0 	0 	0 	0 	0 	0 	0 	0 	0 	0 	0 	0 	0 	0 	0 	0 	0 	0 	0 	0 	0 	0 	0 	0 	0 	0 	0 	0 	0 	0 	0 	0 	0 	0 	0 	0 	0 	0 	0 	0 	0 	0 	0 	0 	0 	0 	0 	0 	0 	
61559	['2021'] ['July'] ['09']	1	0 	0 	0 	0 	0 	0 	0 	0 	0 	0 	0 	0 	0 	0 	0 	0 	0 	0 	0 	0 	0 	0 	0 	0 	0 	0 	0 	0 	0 	0 	0 	0 	0 	0 	0 	0 	0 	0 	0 	0 	0 	0 	0 	0 	0 	0 	0 	0 	0 	0 	0 	0 	0 	0 	0 	0 	0 	0 	0 	0 	
61560	['2021'] ['July'] ['09']	1	0 	0 	0 	0 	0 	0 	0 	0 	0 	0 	0 	0 	0 	0 	0 	0 	0 	0 	0 	0 	0 	0 	0 	0 	0 	0 	0 	0 	0 	0 	0 	0 	0 	0 	0 	0 	0 	0 	0 	0 	0 	0 	0 	0 	0 	0 	0 	0 	0 	0 	0 	0 	0 	0 	0 	0 	0 	0 	0 	0 	
61561	['2021'] ['July'] ['09']	1	0 	0 	0 	0 	0 	0 	0 	0 	0 	0 	0 	0 	0 	0 	0 	0 	0 	0 	0 	0 	0 	0 	0 	0 	0 	0 	0 	0 	0 	0 	0 	0 	0 	0 	0 	0 	0 	0 	0 	0 	0 	0 	0 	0 	0 	0 	0 	0 	0 	0 	0 	0 	0 	0 	0 	0 	0 	0 	0 	0 	
61562	['2021'] ['July'] ['10']	1	3 	5 	0 	3 	7 	2 	0 	0 	0 	5 	2 	0 	0 	0 	1 	1 	2 	1 	5 	4 	0 	0 	2 	0 	0 	0 	0 	3 	0 	0 	6 	2 	3 	0 	0 	0 	7 	11 	7 	11 	5 	0 	0 	1 	1 	0 	4 	6 	3 	3 	1 	1 	6 	6 	2 	4 	2 	0 	10 	0 	
61563	['2021'] ['July'] ['10']	1	3 	0 	1 	0 	7 	0 	0 	6 	9 	2 	10 	1 	1 	0 	0 	0 	0 	1 	1 	0 	0 	0 	6 	2 	2 	0 	0 	7 	3 	13 	8 	2 	3 	0 	0 	3 	0 	0 	0 	4 	0 	1 	2 	0 	2 	0 	11 	0 	4 	0 	0 	0 	0 	0 	0 	1 	0 	0 	0 	0 	
61564	['2021'] ['July'] ['10']	1	6 	7 	5 	7 	0 	3 	1 	12 	13 	0 	0 	0 	0 	2 	7 	0 	12 	0 	1 	5 	4 	1 	0 	0 	5 	5 	4 	9 	8 	9 	8 	0 	4 	0 	3 	11 	0 	0 	0 	0 	0 	1 	3 	14 	1 	4 	0 	0 	2 	1 	0 	2 	7 	0 	4 	13 	17 	9 	0 	0 	
61565	['2021'] ['July'] ['10']	1	0 	0 	0 	0 	0 	4 	8 	14 	15 	10 	11 	10 	0 	2 	2 	5 	13 	10 	0 	0 	3 	0 	0 	0 	0 	0 	0 	4 	0 	0 	2 	5 	16 	13 	2 	4 	3 	5 	11 	12 	2 	13 	1 	6 	0 	4 	4 	7 	0 	0 	5 	2 	0 	4 	12 	4 	13 	7 	4 	0 	
61566	['2021'] ['July'] ['10']	1	0 	0 	0 	0 	0 	0 	0 	0 	0 	0 	0 	0 	2 	2 	18 	4 	0 	7 	5 	2 	7 	16 	13 	9 	6 	0 	1 	10 	5 	15 	10 	6 	8 	3 	9 	16 	9 	4 	0 	4 	17 	11 	12 	17 	19 	7 	0 	3 	1 	0 	0 	0 	0 	0 	1 	0 	0 	0 	3 	6 	
61567	['2021'] ['July'] ['10']	1	7 	2 	0 	0 	0 	0 	11 	9 	5 	0 	0 	2 	0 	0 	0 	8 	0 	0 	0 	0 	0 	5 	0 	0 	2 	0 	0 	0 	11 	3 	18 	7 	25 	19 	17 	13 	11 	1 	7 	7 	7 	4 	8 	6 	0 	0 	0 	0 	1 	14 	1 	17 	9 	7 	0 	2 	0 	3 	2 	0 	
61568	['2021'] ['July'] ['10']	1	0 	0 	0 	0 	0 	0 	1 	7 	1 	0 	0 	0 	0 	16 	5 	12 	7 	0 	0 	0 	0 	0 	0 	3 	6 	0 	0 	1 	4 	13 	2 	0 	0 	0 	0 	0 	0 	0 	0 	0 	0 	0 	0 	0 	0 	0 	0 	0 	0 	1 	2 	0 	0 	0 	3 	10 	0 	7 	10 	0 	
61569	['2021'] ['July'] ['10']	1	0 	0 	0 	0 	0 	0 	0 	0 	0 	0 	0 	0 	0 	0 	2 	6 	8 	3 	0 	0 	0 	0 	0 	0 	0 	0 	0 	0 	0 	0 	0 	0 	0 	0 	0 	0 	0 	0 	0 	0 	0 	0 	0 	0 	0 	0 	0 	0 	0 	0 	0 	0 	0 	0 	0 	0 	3 	3 	7 	2 	
61570	['2021'] ['July'] ['10']	1	0 	0 	1 	3 	0 	0 	0 	0 	0 	0 	0 	0 	0 	0 	0 	0 	0 	0 	0 	0 	0 	0 	0 	0 	0 	0 	0 	0 	0 	0 	0 	0 	1 	1 	7 	6 	0 	0 	0 	0 	0 	0 	0 	0 	0 	0 	0 	0 	0 	0 	0 	0 	0 	0 	0 	0 	0 	0 	0 	0 	
61571	['2021'] ['July'] ['10']	1	0 	0 	0 	0 	0 	0 	0 	8 	0 	6 	0 	0 	0 	0 	0 	0 	0 	4 	3 	0 	0 	0 	0 	0 	0 	0 	0 	4 	4 	0 	0 	0 	0 	0 	0 	1 	1 	6 	7 	17 	11 	12 	15 	14 	13 	11 	2 	1 	0 	1 	0 	0 	0 	0 	0 	0 	0 	0 	0 	2 	
61572	['2021'] ['July'] ['10']	1	0 	0 	0 	0 	0 	0 	0 	0 	0 	0 	0 	0 	0 	0 	0 	0 	0 	0 	0 	0 	0 	1 	0 	0 	0 	0 	0 	0 	0 	0 	0 	0 	0 	0 	0 	0 	0 	0 	12 	0 	0 	2 	3 	0 	0 	0 	0 	2 	0 	5 	0 	0 	0 	0 	10 	0 	0 	0 	0 	0 	
61573	['2021'] ['July'] ['10']	1	0 	0 	0 	0 	0 	0 	0 	0 	0 	0 	0 	0 	0 	0 	0 	0 	0 	0 	0 	0 	0 	0 	0 	0 	0 	0 	0 	0 	0 	0 	0 	0 	0 	0 	0 	0 	0 	0 	0 	0 	0 	0 	0 	0 	0 	0 	0 	0 	0 	0 	0 	0 	0 	0 	0 	0 	0 	0 	0 	0 	
61574	['2021'] ['July'] ['10']	1	0 	0 	0 	0 	0 	0 	0 	0 	0 	0 	0 	0 	0 	0 	0 	0 	0 	0 	0 	0 	0 	0 	0 	0 	0 	0 	0 	0 	0 	0 	0 	0 	0 	0 	0 	0 	0 	0 	0 	0 	0 	0 	0 	0 	0 	0 	0 	0 	0 	0 	0 	0 	0 	0 	0 	0 	0 	0 	0 	0 	
61575	['2021'] ['July'] ['10']	1	0 	0 	0 	0 	0 	0 	0 	0 	0 	0 	0 	0 	0 	0 	0 	0 	0 	0 	0 	0 	0 	0 	0 	0 	0 	0 	0 	0 	0 	0 	0 	0 	0 	0 	0 	0 	0 	0 	0 	0 	0 	0 	0 	0 	0 	0 	0 	0 	0 	0 	0 	0 	0 	0 	0 	0 	0 	0 	0 	0 	
61576	['2021'] ['July'] ['10']	1	0 	0 	0 	0 	0 	0 	0 	0 	0 	0 	0 	0 	0 	0 	0 	0 	0 	0 	0 	0 	0 	0 	0 	0 	0 	0 	0 	0 	0 	0 	0 	0 	0 	0 	0 	0 	0 	0 	0 	0 	0 	0 	0 	0 	0 	0 	0 	0 	0 	0 	0 	0 	0 	0 	0 	0 	0 	0 	0 	0 	
61577	['2021'] ['July'] ['10']	1	0 	0 	0 	0 	0 	0 	0 	0 	0 	0 	0 	0 	0 	0 	0 	0 	0 	0 	0 	0 	0 	0 	0 	0 	0 	0 	0 	0 	0 	0 	0 	0 	0 	0 	0 	0 	0 	0 	0 	0 	0 	0 	0 	0 	0 	0 	0 	0 	0 	0 	0 	0 	0 	0 	0 	0 	0 	0 	0 	0 	
61578	['2021'] ['July'] ['10']	1	0 	0 	0 	0 	0 	0 	0 	0 	0 	0 	0 	0 	0 	0 	0 	0 	0 	0 	0 	0 	0 	0 	0 	0 	0 	0 	0 	0 	0 	0 	0 	0 	0 	0 	0 	0 	0 	0 	0 	0 	0 	0 	0 	0 	0 	0 	0 	0 	0 	0 	0 	0 	0 	0 	0 	0 	0 	0 	0 	0 	
61579	['2021'] ['July'] ['10']	1	0 	0 	0 	0 	0 	0 	0 	0 	0 	0 	0 	0 	0 	0 	0 	0 	0 	0 	0 	0 	0 	0 	0 	0 	0 	0 	0 	0 	0 	0 	0 	0 	0 	0 	0 	0 	0 	0 	0 	0 	0 	0 	0 	0 	0 	0 	0 	0 	0 	0 	0 	0 	0 	0 	0 	0 	0 	0 	0 	0 	
61580	['2021'] ['July'] ['10']	1	0 	0 	0 	0 	0 	0 	0 	0 	0 	0 	0 	0 	0 	0 	0 	0 	0 	0 	0 	0 	0 	0 	0 	0 	0 	0 	0 	0 	0 	0 	0 	0 	0 	0 	0 	0 	0 	0 	0 	0 	0 	0 	0 	0 	0 	0 	0 	0 	0 	0 	0 	0 	0 	0 	0 	0 	0 	0 	0 	0 	
61581	['2021'] ['July'] ['10']	1	0 	0 	0 	0 	0 	0 	0 	0 	0 	0 	0 	0 	0 	0 	0 	0 	0 	0 	0 	0 	0 	0 	0 	0 	0 	0 	0 	0 	0 	0 	0 	0 	0 	0 	0 	0 	0 	0 	0 	0 	0 	0 	0 	0 	0 	0 	0 	0 	0 	0 	0 	0 	0 	0 	0 	0 	0 	0 	0 	0 	
61582	['2021'] ['July'] ['10']	1	0 	0 	0 	0 	0 	0 	0 	0 	0 	0 	0 	0 	0 	0 	0 	0 	0 	0 	0 	0 	0 	0 	0 	0 	0 	0 	0 	0 	0 	0 	0 	0 	0 	0 	0 	0 	0 	0 	0 	0 	0 	0 	0 	0 	0 	0 	0 	0 	0 	0 	0 	0 	0 	0 	0 	0 	0 	0 	0 	0 	
61583	['2021'] ['July'] ['10']	1	0 	0 	0 	0 	0 	0 	0 	0 	0 	0 	0 	0 	0 	0 	0 	0 	0 	0 	0 	0 	0 	0 	0 	0 	0 	0 	0 	0 	0 	0 	0 	0 	0 	0 	0 	0 	0 	0 	0 	0 	0 	0 	0 	0 	0 	0 	0 	0 	0 	0 	0 	0 	0 	0 	0 	0 	0 	0 	0 	0 	
61584	['2021'] ['July'] ['10']	1	0 	0 	0 	0 	0 	0 	0 	0 	0 	0 	0 	0 	0 	0 	0 	0 	0 	0 	0 	0 	0 	0 	0 	0 	0 	0 	0 	0 	0 	0 	0 	0 	0 	0 	0 	0 	0 	0 	0 	0 	0 	0 	0 	0 	0 	0 	0 	0 	0 	0 	0 	0 	0 	0 	0 	0 	0 	0 	0 	0 	
61585	['2021'] ['July'] ['11']	1	0 	15 	1 	0 	6 	1 	5 	10 	2 	15 	2 	0 	3 	0 	0 	0 	0 	0 	0 	0 	6 	6 	0 	0 	1 	0 	4 	0 	0 	0 	0 	6 	5 	5 	4 	1 	8 	0 	5 	8 	13 	5 	0 	6 	0 	19 	1 	3 	2 	0 	0 	0 	4 	2 	0 	0 	4 	0 	0 	4 	
61586	['2021'] ['July'] ['11']	1	3 	0 	0 	9 	14 	11 	6 	19 	15 	14 	3 	0 	0 	0 	1 	16 	7 	22 	19 	3 	0 	8 	3 	23 	1 	0 	14 	0 	0 	0 	0 	0 	0 	5 	11 	10 	1 	12 	20 	21 	14 	15 	24 	4 	0 	6 	2 	6 	0 	0 	5 	4 	0 	0 	0 	0 	0 	0 	0 	0 	
61587	['2021'] ['July'] ['11']	1	14 	0 	7 	0 	0 	0 	2 	16 	2 	4 	2 	2 	8 	5 	14 	12 	6 	12 	7 	3 	5 	2 	0 	0 	4 	6 	10 	0 	0 	4 	0 	7 	18 	6 	10 	8 	4 	0 	2 	0 	0 	6 	1 	3 	9 	5 	5 	6 	7 	9 	0 	2 	5 	1 	4 	6 	2 	0 	0 	0 	
61588	['2021'] ['July'] ['11']	1	7 	13 	15 	20 	18 	17 	22 	13 	2 	0 	1 	3 	0 	0 	0 	0 	0 	1 	0 	0 	6 	0 	15 	15 	6 	7 	11 	11 	9 	4 	8 	2 	2 	2 	0 	2 	4 	0 	4 	2 	5 	0 	2 	6 	4 	6 	2 	12 	11 	13 	0 	0 	6 	0 	15 	8 	16 	5 	0 	6 	
61589	['2021'] ['July'] ['11']	1	7 	12 	4 	3 	10 	4 	23 	21 	16 	15 	18 	2 	0 	0 	0 	0 	0 	3 	0 	0 	0 	12 	14 	7 	13 	16 	11 	20 	4 	12 	13 	2 	0 	0 	0 	0 	8 	0 	0 	0 	0 	2 	0 	6 	13 	8 	7 	10 	0 	0 	2 	7 	6 	0 	2 	1 	0 	0 	2 	0 	
61590	['2021'] ['July'] ['11']	1	0 	8 	11 	14 	2 	0 	0 	0 	0 	1 	1 	3 	12 	6 	11 	13 	10 	0 	0 	0 	0 	0 	2 	0 	0 	0 	6 	2 	12 	6 	10 	8 	4 	8 	0 	4 	1 	3 	0 	0 	0 	0 	0 	0 	0 	0 	0 	0 	0 	0 	3 	3 	1 	4 	0 	7 	2 	1 	2 	2 	
61591	['2021'] ['July'] ['11']	1	0 	4 	1 	0 	4 	7 	5 	4 	0 	0 	0 	0 	0 	0 	0 	0 	0 	0 	4 	13 	2 	0 	0 	0 	1 	0 	6 	0 	0 	0 	0 	0 	0 	0 	3 	0 	0 	0 	2 	0 	0 	1 	10 	10 	1 	2 	2 	1 	9 	0 	2 	8 	4 	0 	0 	0 	0 	0 	0 	0 	
61592	['2021'] ['July'] ['11']	1	0 	0 	0 	0 	0 	4 	8 	0 	1 	0 	0 	0 	0 	0 	5 	2 	3 	15 	4 	0 	5 	0 	0 	0 	8 	0 	0 	0 	3 	2 	0 	0 	0 	14 	6 	0 	0 	0 	0 	0 	0 	6 	0 	0 	4 	9 	2 	0 	3 	0 	0 	1 	3 	0 	0 	11 	7 	0 	0 	0 	
61593	['2021'] ['July'] ['11']	1	0 	0 	0 	0 	0 	0 	0 	0 	0 	0 	0 	0 	0 	0 	0 	0 	2 	4 	1 	0 	0 	0 	0 	0 	1 	1 	3 	8 	3 	0 	0 	0 	0 	1 	2 	0 	2 	0 	0 	0 	0 	3 	4 	0 	0 	0 	0 	0 	0 	0 	0 	0 	0 	0 	0 	0 	0 	0 	0 	0 	
61594	['2021'] ['July'] ['11']	1	1 	0 	6 	3 	0 	7 	4 	2 	10 	0 	0 	0 	0 	0 	0 	1 	1 	0 	0 	0 	4 	0 	3 	0 	0 	0 	0 	0 	0 	1 	0 	0 	1 	2 	3 	12 	14 	15 	10 	13 	14 	9 	9 	8 	5 	0 	0 	0 	0 	0 	0 	0 	0 	0 	0 	0 	0 	0 	0 	0 	
61595	['2021'] ['July'] ['11']	1	0 	0 	0 	0 	0 	2 	0 	0 	0 	2 	0 	0 	0 	0 	2 	0 	0 	0 	7 	9 	1 	0 	0 	0 	0 	1 	0 	0 	0 	1 	0 	0 	6 	11 	3 	0 	0 	0 	0 	0 	0 	0 	0 	0 	0 	7 	0 	0 	0 	0 	0 	0 	0 	0 	0 	0 	0 	0 	0 	0 	
61596	['2021'] ['July'] ['11']	1	0 	0 	0 	0 	0 	0 	0 	0 	0 	0 	0 	0 	0 	0 	0 	0 	0 	0 	0 	0 	0 	0 	0 	0 	0 	0 	0 	0 	0 	0 	0 	0 	0 	0 	0 	0 	0 	0 	0 	0 	0 	0 	0 	0 	0 	0 	0 	0 	0 	0 	0 	0 	0 	0 	0 	0 	0 	0 	0 	0 	
61597	['2021'] ['July'] ['11']	1	0 	0 	0 	0 	0 	0 	0 	0 	0 	0 	0 	0 	0 	0 	0 	0 	0 	0 	0 	0 	0 	0 	0 	0 	0 	0 	0 	2 	0 	0 	0 	0 	7 	0 	0 	0 	0 	0 	0 	0 	0 	0 	0 	0 	0 	0 	0 	0 	0 	0 	0 	0 	0 	0 	0 	0 	0 	0 	0 	0 	
61598	['2021'] ['July'] ['11']	1	0 	0 	0 	0 	0 	0 	0 	0 	0 	0 	0 	0 	0 	0 	0 	0 	0 	0 	0 	0 	0 	0 	0 	0 	0 	0 	0 	0 	0 	0 	0 	0 	0 	0 	0 	0 	0 	0 	0 	1 	0 	0 	0 	0 	0 	0 	0 	0 	0 	0 	0 	0 	0 	0 	0 	0 	0 	0 	0 	0 	
61599	['2021'] ['July'] ['11']	1	0 	0 	0 	0 	0 	0 	0 	0 	0 	0 	4 	1 	1 	0 	0 	0 	0 	0 	0 	0 	0 	0 	0 	3 	0 	0 	0 	0 	0 	0 	0 	0 	0 	0 	0 	2 	9 	2 	0 	0 	8 	5 	5 	0 	0 	0 	0 	0 	0 	3 	1 	0 	2 	0 	0 	0 	0 	0 	0 	0 	
61600	['2021'] ['July'] ['11']	1	0 	0 	0 	0 	0 	0 	0 	0 	0 	0 	0 	0 	0 	0 	0 	0 	0 	0 	0 	0 	0 	0 	0 	0 	0 	0 	0 	0 	0 	0 	0 	0 	0 	0 	0 	0 	0 	0 	0 	0 	0 	0 	0 	0 	0 	0 	0 	0 	0 	0 	0 	0 	0 	0 	0 	0 	0 	0 	0 	0 	
61601	['2021'] ['July'] ['11']	1	0 	0 	0 	0 	0 	0 	0 	0 	0 	0 	0 	0 	0 	0 	0 	0 	0 	0 	0 	0 	0 	0 	0 	0 	0 	0 	0 	0 	0 	0 	0 	0 	0 	0 	0 	0 	0 	0 	0 	0 	0 	0 	0 	0 	0 	0 	0 	0 	0 	0 	0 	0 	0 	0 	0 	0 	0 	0 	0 	0 	
61602	['2021'] ['July'] ['11']	1	0 	0 	0 	0 	0 	0 	0 	0 	0 	0 	0 	0 	0 	0 	0 	0 	0 	0 	0 	0 	0 	0 	0 	0 	0 	0 	0 	0 	0 	0 	0 	0 	0 	0 	0 	0 	0 	0 	0 	0 	0 	0 	0 	0 	0 	0 	0 	0 	0 	0 	0 	0 	0 	0 	0 	0 	0 	0 	0 	0 	
61603	['2021'] ['July'] ['11']	1	0 	0 	0 	0 	0 	0 	0 	0 	0 	0 	0 	0 	0 	0 	0 	0 	0 	0 	0 	0 	0 	0 	0 	0 	0 	0 	0 	0 	0 	0 	0 	0 	0 	0 	0 	0 	0 	0 	0 	0 	0 	0 	0 	0 	0 	0 	0 	0 	0 	0 	0 	0 	0 	0 	0 	0 	0 	0 	0 	0 	
61604	['2021'] ['July'] ['11']	1	0 	0 	0 	0 	0 	0 	0 	0 	0 	0 	0 	0 	0 	0 	0 	0 	0 	0 	0 	0 	0 	0 	0 	0 	0 	0 	0 	0 	0 	0 	0 	0 	0 	0 	0 	0 	0 	0 	0 	0 	0 	0 	0 	0 	0 	0 	0 	0 	0 	0 	0 	0 	0 	0 	0 	0 	0 	0 	0 	0 	
61605	['2021'] ['July'] ['11']	1	0 	0 	0 	0 	0 	0 	0 	0 	0 	0 	0 	0 	0 	0 	0 	0 	0 	0 	0 	0 	0 	0 	0 	0 	0 	0 	0 	0 	0 	0 	0 	0 	0 	0 	0 	0 	0 	0 	0 	0 	0 	0 	0 	0 	0 	0 	0 	0 	0 	0 	0 	0 	0 	0 	0 	0 	0 	0 	0 	0 	
61606	['2021'] ['July'] ['11']	1	0 	0 	0 	0 	0 	0 	0 	0 	0 	0 	0 	0 	0 	0 	0 	0 	0 	0 	0 	0 	0 	0 	0 	0 	0 	0 	0 	0 	0 	0 	0 	0 	0 	0 	0 	0 	0 	0 	0 	0 	0 	0 	0 	0 	0 	0 	0 	0 	0 	0 	0 	0 	0 	0 	0 	0 	0 	0 	0 	0 	
61607	['2021'] ['July'] ['11']	1	0 	0 	0 	0 	0 	0 	0 	0 	0 	0 	0 	0 	0 	0 	0 	0 	0 	0 	0 	0 	0 	0 	0 	0 	0 	0 	0 	0 	0 	0 	0 	0 	0 	0 	0 	0 	0 	0 	0 	0 	0 	0 	0 	0 	0 	0 	0 	0 	0 	0 	0 	0 	0 	0 	0 	0 	0 	0 	0 	0 	
61608	['2021'] ['July'] ['12']	1	0 	0 	0 	0 	0 	0 	0 	0 	0 	4 	6 	18 	0 	0 	13 	0 	0 	20 	18 	0 	0 	7 	0 	14 	0 	17 	9 	10 	9 	0 	7 	13 	4 	0 	4 	5 	6 	17 	4 	0 	2 	0 	0 	4 	3 	22 	7 	0 	0 	0 	0 	0 	0 	0 	0 	0 	0 	3 	0 	2 	
61609	['2021'] ['July'] ['12']	1	8 	4 	2 	7 	8 	0 	0 	0 	0 	0 	0 	2 	2 	14 	1 	10 	10 	10 	3 	11 	17 	3 	3 	12 	14 	4 	14 	0 	0 	0 	0 	2 	0 	0 	0 	17 	12 	8 	16 	6 	0 	4 	9 	4 	0 	0 	4 	5 	4 	4 	0 	0 	0 	2 	9 	18 	12 	8 	16 	2 	
61610	['2021'] ['July'] ['12']	1	0 	1 	3 	0 	0 	12 	11 	2 	10 	4 	8 	6 	0 	0 	0 	0 	0 	17 	8 	0 	0 	0 	0 	0 	0 	0 	1 	0 	17 	8 	0 	0 	0 	0 	0 	0 	0 	1 	2 	0 	0 	0 	0 	0 	1 	0 	0 	0 	1 	5 	6 	0 	0 	6 	10 	0 	0 	7 	0 	2 	
61611	['2021'] ['July'] ['12']	1	0 	0 	0 	0 	0 	0 	0 	0 	0 	0 	0 	8 	17 	6 	11 	9 	1 	6 	0 	4 	10 	9 	4 	13 	0 	0 	2 	0 	0 	0 	0 	3 	0 	3 	0 	0 	0 	1 	3 	11 	16 	17 	9 	0 	0 	4 	0 	0 	0 	0 	0 	0 	2 	15 	16 	0 	0 	0 	0 	0 	
61612	['2021'] ['July'] ['12']	1	0 	0 	0 	0 	0 	0 	0 	0 	0 	0 	1 	0 	0 	8 	2 	8 	4 	12 	7 	18 	1 	0 	0 	2 	0 	0 	0 	0 	0 	0 	0 	0 	4 	11 	23 	9 	11 	13 	2 	0 	0 	5 	3 	0 	0 	0 	0 	3 	1 	0 	0 	0 	3 	0 	0 	0 	4 	0 	0 	1 	
61613	['2021'] ['July'] ['12']	1	0 	1 	7 	3 	0 	5 	0 	0 	10 	16 	0 	0 	0 	0 	0 	0 	0 	0 	2 	0 	0 	0 	2 	19 	8 	0 	0 	0 	0 	0 	0 	0 	0 	0 	0 	0 	0 	0 	0 	0 	0 	0 	0 	0 	7 	13 	13 	10 	2 	0 	0 	0 	0 	14 	2 	0 	11 	17 	7 	0 	
61614	['2021'] ['July'] ['12']	1	0 	0 	0 	0 	0 	11 	13 	5 	0 	0 	0 	0 	0 	1 	0 	0 	0 	0 	0 	0 	0 	12 	14 	2 	0 	0 	2 	0 	0 	0 	4 	0 	0 	0 	0 	0 	0 	0 	0 	0 	0 	0 	0 	0 	0 	2 	0 	9 	8 	0 	0 	0 	0 	0 	0 	0 	0 	0 	0 	0 	
61615	['2021'] ['July'] ['12']	1	0 	0 	0 	0 	0 	0 	0 	0 	0 	0 	0 	0 	0 	7 	13 	5 	0 	0 	2 	0 	2 	6 	2 	4 	0 	0 	0 	0 	0 	0 	0 	0 	0 	0 	0 	0 	0 	0 	0 	0 	0 	0 	0 	0 	0 	0 	0 	0 	0 	0 	0 	0 	0 	0 	0 	0 	0 	0 	0 	0 	
61616	['2021'] ['July'] ['12']	1	0 	0 	0 	4 	3 	0 	0 	4 	5 	2 	0 	0 	0 	0 	0 	0 	0 	0 	0 	0 	0 	0 	0 	0 	0 	0 	0 	0 	0 	1 	0 	0 	0 	0 	0 	0 	0 	0 	0 	0 	0 	0 	0 	0 	0 	0 	0 	0 	0 	0 	0 	0 	0 	0 	0 	0 	0 	0 	0 	0 	
61617	['2021'] ['July'] ['12']	1	0 	6 	0 	0 	0 	0 	0 	0 	0 	0 	0 	3 	0 	0 	0 	0 	0 	0 	0 	0 	0 	0 	0 	0 	0 	0 	0 	0 	0 	0 	0 	1 	7 	9 	17 	13 	17 	15 	17 	9 	9 	10 	11 	12 	5 	12 	9 	3 	0 	0 	6 	1 	5 	3 	2 	0 	1 	0 	0 	1 	
61618	['2021'] ['July'] ['12']	1	2 	0 	0 	0 	0 	0 	0 	0 	0 	1 	0 	0 	1 	0 	0 	0 	0 	0 	0 	1 	2 	0 	2 	0 	0 	0 	0 	0 	6 	0 	0 	0 	0 	0 	1 	0 	0 	1 	16 	1 	12 	4 	0 	0 	0 	0 	0 	0 	0 	0 	0 	0 	0 	1 	0 	0 	0 	0 	0 	0 	
61619	['2021'] ['July'] ['12']	1	0 	0 	0 	0 	2 	1 	3 	6 	5 	1 	2 	0 	1 	0 	1 	0 	0 	0 	3 	0 	0 	0 	0 	0 	0 	0 	0 	0 	0 	0 	0 	0 	0 	0 	0 	0 	0 	0 	0 	0 	0 	0 	0 	0 	0 	0 	0 	0 	0 	0 	0 	0 	0 	0 	0 	0 	0 	0 	0 	0 	
61620	['2021'] ['July'] ['12']	1	0 	0 	0 	0 	0 	0 	0 	1 	0 	0 	0 	0 	0 	0 	0 	0 	0 	0 	0 	0 	0 	0 	0 	0 	0 	0 	1 	3 	0 	0 	0 	0 	0 	0 	0 	0 	0 	0 	0 	0 	4 	3 	0 	0 	0 	7 	0 	0 	0 	0 	0 	0 	0 	0 	0 	0 	0 	0 	0 	0 	
61621	['2021'] ['July'] ['12']	1	0 	0 	0 	0 	0 	0 	0 	0 	0 	0 	0 	0 	0 	0 	0 	0 	0 	0 	1 	0 	0 	1 	0 	0 	0 	0 	0 	0 	0 	0 	0 	0 	0 	0 	0 	0 	0 	0 	0 	0 	0 	0 	0 	0 	0 	0 	0 	0 	0 	0 	1 	1 	0 	0 	4 	0 	0 	0 	0 	5 	
61622	['2021'] ['July'] ['12']	1	13 	16 	0 	5 	2 	0 	0 	0 	0 	0 	0 	0 	0 	0 	0 	0 	0 	0 	0 	0 	0 	0 	0 	0 	0 	0 	0 	0 	0 	0 	0 	0 	0 	0 	0 	0 	0 	0 	1 	0 	0 	0 	0 	0 	0 	0 	0 	0 	0 	0 	0 	0 	0 	0 	0 	0 	0 	0 	0 	0 	
61623	['2021'] ['July'] ['12']	1	0 	0 	0 	1 	0 	0 	0 	0 	0 	0 	0 	0 	0 	0 	0 	0 	0 	0 	0 	0 	0 	0 	0 	0 	2 	0 	0 	0 	0 	0 	0 	0 	0 	0 	0 	0 	3 	10 	0 	0 	1 	0 	1 	0 	0 	0 	0 	1 	1 	0 	0 	1 	5 	0 	0 	0 	0 	0 	0 	0 	
61624	['2021'] ['July'] ['12']	1	0 	1 	0 	0 	0 	0 	0 	0 	1 	0 	0 	0 	0 	1 	0 	0 	0 	0 	0 	0 	0 	0 	0 	0 	0 	0 	0 	0 	0 	0 	0 	0 	0 	0 	0 	0 	0 	0 	0 	0 	0 	0 	0 	0 	0 	0 	0 	0 	0 	0 	0 	0 	0 	0 	0 	0 	0 	0 	0 	0 	
61625	['2021'] ['July'] ['12']	1	0 	0 	0 	0 	0 	0 	0 	0 	0 	0 	0 	0 	0 	0 	0 	0 	1 	2 	0 	0 	0 	0 	0 	0 	0 	0 	0 	0 	0 	0 	0 	0 	0 	0 	0 	0 	0 	0 	0 	0 	0 	0 	0 	0 	0 	0 	0 	0 	0 	0 	0 	0 	0 	0 	0 	0 	0 	0 	0 	0 	
61626	['2021'] ['July'] ['12']	1	0 	0 	0 	0 	0 	0 	0 	0 	0 	0 	0 	0 	0 	0 	0 	0 	0 	0 	0 	0 	0 	0 	0 	0 	0 	0 	0 	0 	0 	0 	0 	0 	0 	0 	0 	0 	0 	0 	0 	0 	0 	0 	0 	0 	0 	0 	0 	0 	0 	0 	0 	0 	0 	0 	0 	0 	2 	0 	0 	0 	
61627	['2021'] ['July'] ['12']	1	0 	0 	0 	0 	0 	0 	0 	0 	0 	0 	0 	0 	0 	0 	0 	0 	0 	0 	0 	0 	0 	0 	0 	0 	0 	0 	0 	0 	0 	0 	0 	0 	0 	0 	0 	0 	0 	0 	0 	0 	0 	0 	0 	0 	0 	0 	0 	0 	0 	0 	0 	0 	0 	0 	0 	0 	0 	0 	0 	0 	
61628	['2021'] ['July'] ['12']	1	0 	0 	0 	0 	0 	0 	0 	0 	0 	0 	0 	0 	0 	0 	0 	0 	0 	0 	0 	0 	0 	0 	0 	0 	0 	0 	0 	0 	0 	0 	0 	0 	0 	0 	0 	0 	0 	0 	0 	0 	0 	0 	0 	0 	0 	0 	0 	0 	0 	0 	0 	0 	0 	0 	0 	0 	0 	0 	0 	0 	
61629	['2021'] ['July'] ['12']	1	0 	0 	0 	0 	0 	0 	0 	0 	0 	0 	0 	0 	0 	0 	0 	0 	0 	0 	0 	0 	0 	0 	0 	0 	0 	0 	0 	2 	0 	0 	0 	0 	0 	0 	0 	0 	0 	0 	0 	0 	0 	0 	0 	0 	0 	0 	0 	0 	0 	0 	0 	0 	0 	0 	0 	0 	0 	0 	0 	0 	
61630	['2021'] ['July'] ['12']	1	0 	0 	0 	0 	0 	0 	0 	0 	0 	0 	0 	1 	2 	0 	0 	0 	0 	0 	0 	0 	0 	0 	0 	0 	0 	0 	0 	0 	0 	0 	0 	0 	0 	0 	0 	0 	0 	1 	0 	0 	0 	0 	0 	0 	0 	0 	0 	0 	0 	0 	0 	0 	0 	0 	0 	0 	0 	0 	0 	0 	
61631	['2021'] ['July'] ['13']	1	4 	15 	12 	2 	0 	15 	24 	14 	12 	12 	0 	0 	2 	0 	6 	2 	0 	0 	2 	8 	0 	4 	2 	12 	0 	5 	0 	0 	0 	13 	0 	0 	0 	0 	0 	0 	0 	2 	2 	2 	2 	4 	7 	8 	4 	0 	0 	0 	10 	11 	9 	0 	4 	8 	4 	0 	2 	4 	0 	10 	
61632	['2021'] ['July'] ['13']	1	0 	1 	8 	0 	0 	0 	0 	9 	0 	0 	1 	4 	14 	10 	5 	15 	0 	0 	5 	2 	0 	0 	3 	0 	4 	8 	12 	5 	6 	0 	2 	5 	2 	0 	0 	0 	0 	0 	0 	0 	0 	0 	0 	0 	0 	0 	2 	0 	0 	0 	0 	8 	4 	0 	1 	4 	0 	4 	4 	9 	
61633	['2021'] ['July'] ['13']	1	0 	2 	0 	0 	0 	0 	0 	0 	0 	2 	1 	0 	0 	1 	0 	5 	12 	3 	12 	9 	2 	8 	4 	4 	0 	0 	0 	0 	0 	0 	0 	0 	0 	4 	8 	11 	10 	5 	4 	0 	11 	5 	7 	2 	0 	6 	0 	2 	0 	2 	2 	0 	0 	2 	10 	7 	2 	8 	9 	16 	
61634	['2021'] ['July'] ['13']	1	19 	18 	18 	11 	13 	2 	0 	4 	0 	5 	4 	0 	8 	13 	8 	4 	2 	6 	0 	0 	2 	4 	4 	12 	9 	0 	0 	2 	2 	4 	0 	0 	1 	0 	0 	0 	0 	1 	1 	1 	0 	3 	4 	3 	12 	6 	1 	3 	12 	9 	2 	12 	6 	4 	2 	6 	12 	6 	6 	3 	
61635	['2021'] ['July'] ['13']	1	4 	4 	7 	0 	0 	0 	0 	0 	0 	7 	5 	17 	4 	4 	0 	0 	0 	6 	18 	2 	4 	0 	2 	9 	0 	0 	4 	0 	6 	0 	10 	0 	10 	2 	0 	7 	14 	3 	10 	0 	0 	0 	0 	0 	1 	2 	11 	11 	0 	0 	0 	3 	3 	7 	0 	13 	14 	9 	8 	3 	
61636	['2021'] ['July'] ['13']	1	13 	2 	5 	0 	5 	0 	0 	10 	16 	15 	12 	0 	7 	2 	14 	0 	0 	0 	0 	5 	0 	0 	0 	0 	3 	0 	0 	0 	0 	0 	0 	0 	0 	0 	0 	0 	0 	7 	7 	7 	0 	0 	0 	0 	5 	0 	0 	0 	0 	11 	0 	0 	0 	3 	6 	11 	15 	5 	0 	6 	
61637	['2021'] ['July'] ['13']	1	9 	6 	0 	0 	0 	0 	0 	3 	2 	4 	0 	0 	0 	3 	3 	0 	0 	0 	9 	10 	7 	18 	15 	1 	6 	0 	0 	0 	0 	0 	0 	0 	0 	0 	0 	1 	0 	0 	0 	4 	0 	0 	0 	0 	0 	0 	0 	0 	0 	0 	0 	0 	0 	5 	0 	0 	0 	5 	0 	0 	
61638	['2021'] ['July'] ['13']	1	0 	0 	0 	0 	6 	0 	1 	7 	13 	7 	4 	11 	2 	0 	0 	8 	0 	0 	0 	0 	7 	4 	0 	0 	0 	0 	0 	12 	7 	0 	0 	0 	0 	0 	0 	0 	0 	0 	0 	0 	0 	0 	1 	4 	0 	0 	0 	0 	0 	0 	0 	5 	3 	6 	0 	0 	0 	2 	3 	0 	
61639	['2021'] ['July'] ['13']	1	0 	0 	0 	0 	0 	8 	0 	0 	0 	0 	11 	4 	6 	12 	6 	2 	0 	4 	2 	0 	0 	2 	4 	0 	0 	0 	0 	0 	0 	0 	0 	2 	0 	0 	0 	0 	0 	0 	0 	0 	0 	0 	0 	0 	7 	7 	0 	0 	2 	13 	3 	0 	0 	0 	2 	0 	9 	0 	0 	0 	
61640	['2021'] ['July'] ['13']	1	0 	0 	0 	0 	0 	0 	0 	0 	10 	1 	9 	14 	0 	0 	0 	0 	0 	0 	0 	0 	0 	0 	0 	0 	0 	0 	0 	1 	0 	0 	0 	0 	1 	1 	0 	5 	5 	10 	14 	11 	14 	9 	12 	9 	8 	6 	10 	18 	13 	10 	7 	15 	9 	15 	16 	16 	8 	0 	0 	0 	
61641	['2021'] ['July'] ['13']	1	0 	0 	0 	0 	0 	0 	2 	0 	0 	0 	0 	0 	0 	0 	0 	0 	0 	0 	0 	0 	0 	0 	0 	0 	0 	0 	0 	0 	0 	0 	0 	0 	0 	0 	0 	0 	0 	0 	0 	0 	1 	0 	0 	0 	0 	0 	0 	0 	0 	0 	0 	0 	3 	0 	0 	0 	10 	0 	0 	0 	
61642	['2021'] ['July'] ['13']	1	1 	0 	0 	0 	0 	0 	0 	0 	0 	0 	0 	0 	0 	0 	0 	0 	0 	0 	0 	0 	0 	0 	0 	0 	0 	0 	0 	0 	0 	0 	0 	0 	0 	0 	0 	0 	0 	0 	0 	0 	0 	0 	0 	0 	0 	0 	0 	0 	0 	0 	0 	0 	0 	0 	0 	0 	0 	0 	0 	0 	
61643	['2021'] ['July'] ['13']	1	0 	0 	0 	0 	0 	0 	0 	0 	0 	0 	0 	0 	0 	0 	0 	0 	0 	0 	0 	0 	0 	0 	0 	0 	0 	0 	0 	0 	0 	0 	0 	0 	0 	0 	0 	0 	0 	0 	0 	0 	0 	0 	0 	0 	0 	0 	0 	0 	0 	0 	0 	0 	0 	0 	0 	0 	0 	0 	0 	0 	
61644	['2021'] ['July'] ['13']	1	0 	0 	0 	0 	0 	0 	0 	0 	0 	0 	0 	0 	0 	0 	0 	0 	0 	0 	0 	0 	0 	0 	0 	0 	0 	0 	0 	0 	0 	0 	0 	0 	0 	0 	0 	0 	0 	0 	0 	0 	0 	0 	0 	0 	0 	0 	0 	0 	0 	0 	0 	0 	0 	0 	0 	0 	0 	0 	0 	0 	
61645	['2021'] ['July'] ['13']	1	0 	0 	0 	0 	0 	0 	0 	0 	0 	0 	0 	0 	0 	0 	0 	0 	0 	0 	0 	0 	0 	0 	0 	0 	0 	0 	0 	0 	0 	0 	0 	0 	0 	0 	0 	0 	0 	0 	0 	0 	0 	0 	0 	0 	0 	0 	0 	0 	0 	0 	0 	0 	0 	0 	0 	0 	0 	0 	0 	0 	
61646	['2021'] ['July'] ['13']	1	0 	0 	0 	0 	0 	0 	0 	0 	0 	0 	0 	0 	0 	0 	0 	0 	0 	0 	0 	0 	0 	0 	0 	0 	0 	0 	0 	0 	0 	0 	0 	0 	0 	0 	0 	0 	0 	0 	0 	0 	0 	0 	0 	0 	0 	0 	0 	0 	0 	0 	0 	0 	0 	0 	0 	0 	0 	0 	0 	0 	
61647	['2021'] ['July'] ['13']	1	0 	0 	0 	0 	0 	0 	0 	0 	0 	0 	0 	0 	0 	0 	0 	0 	0 	0 	0 	0 	0 	0 	0 	0 	0 	0 	0 	0 	0 	0 	0 	0 	0 	0 	0 	0 	0 	0 	0 	0 	0 	0 	0 	0 	0 	0 	0 	0 	0 	0 	0 	0 	0 	0 	0 	0 	0 	0 	0 	0 	
61648	['2021'] ['July'] ['13']	1	0 	0 	0 	0 	0 	0 	0 	0 	0 	0 	0 	0 	0 	0 	0 	0 	0 	0 	0 	0 	0 	0 	0 	0 	0 	0 	0 	0 	0 	0 	0 	0 	0 	0 	0 	0 	0 	0 	0 	0 	0 	0 	0 	0 	0 	0 	0 	0 	0 	0 	0 	0 	0 	0 	0 	0 	0 	0 	0 	0 	
61649	['2021'] ['July'] ['13']	1	0 	0 	0 	0 	0 	0 	0 	0 	0 	0 	0 	0 	0 	0 	0 	0 	0 	0 	0 	0 	0 	0 	0 	0 	0 	0 	0 	0 	0 	0 	0 	0 	0 	0 	0 	0 	0 	0 	0 	0 	0 	0 	0 	0 	0 	0 	0 	0 	0 	0 	0 	0 	0 	0 	0 	0 	0 	0 	0 	0 	
61650	['2021'] ['July'] ['13']	1	0 	0 	0 	0 	0 	0 	0 	0 	0 	0 	0 	0 	0 	0 	0 	0 	0 	0 	0 	0 	0 	0 	0 	0 	0 	0 	0 	0 	0 	0 	0 	0 	0 	0 	0 	0 	0 	0 	0 	0 	0 	0 	0 	0 	0 	0 	0 	0 	0 	0 	0 	0 	0 	0 	0 	0 	0 	0 	0 	0 	
61651	['2021'] ['July'] ['13']	1	0 	0 	0 	0 	0 	0 	0 	0 	0 	0 	0 	0 	0 	0 	0 	0 	0 	0 	0 	0 	0 	0 	0 	0 	0 	0 	0 	0 	0 	0 	0 	0 	0 	0 	0 	0 	0 	0 	0 	0 	0 	0 	0 	0 	0 	0 	0 	0 	0 	0 	0 	0 	0 	0 	0 	0 	0 	0 	0 	0 	
61652	['2021'] ['July'] ['13']	1	0 	0 	0 	0 	0 	0 	0 	0 	0 	0 	0 	0 	0 	0 	0 	0 	0 	0 	0 	0 	0 	0 	0 	0 	0 	0 	0 	0 	0 	0 	0 	0 	0 	0 	0 	0 	0 	0 	0 	0 	0 	0 	0 	0 	0 	0 	0 	0 	0 	0 	0 	0 	0 	0 	0 	0 	0 	0 	0 	0 	
61653	['2021'] ['July'] ['13']	1	0 	0 	0 	0 	0 	0 	0 	0 	0 	0 	0 	0 	0 	0 	0 	0 	0 	0 	0 	0 	0 	0 	0 	0 	0 	0 	0 	0 	0 	0 	0 	0 	0 	0 	0 	0 	0 	0 	0 	0 	0 	0 	0 	0 	0 	0 	0 	0 	0 	0 	0 	0 	0 	0 	0 	0 	0 	0 	0 	0 	
61654	['2021'] ['July'] ['14']	1	13 	13 	2 	9 	8 	5 	0 	0 	5 	0 	2 	0 	0 	3 	0 	1 	4 	15 	8 	8 	10 	5 	0 	0 	6 	12 	8 	11 	7 	0 	1 	0 	0 	0 	8 	14 	15 	7 	2 	0 	2 	4 	0 	8 	4 	7 	5 	2 	0 	0 	0 	5 	4 	8 	0 	11 	1 	0 	2 	2 	
61655	['2021'] ['July'] ['14']	1	0 	0 	0 	2 	0 	2 	8 	12 	9 	13 	8 	2 	0 	6 	0 	7 	7 	10 	8 	8 	15 	6 	13 	3 	6 	5 	0 	4 	11 	4 	0 	0 	0 	5 	5 	11 	13 	0 	12 	10 	0 	0 	0 	2 	0 	3 	0 	2 	9 	0 	15 	10 	6 	16 	2 	0 	0 	0 	0 	0 	
61656	['2021'] ['July'] ['14']	1	0 	0 	0 	0 	0 	5 	0 	0 	0 	0 	0 	14 	15 	14 	13 	2 	2 	12 	14 	7 	4 	9 	1 	5 	0 	0 	0 	3 	0 	0 	0 	0 	0 	0 	3 	10 	4 	3 	0 	12 	2 	0 	12 	11 	13 	16 	6 	2 	10 	11 	4 	2 	0 	12 	16 	14 	4 	0 	0 	0 	
61657	['2021'] ['July'] ['14']	1	0 	0 	0 	2 	2 	21 	3 	0 	15 	4 	6 	12 	19 	5 	0 	2 	0 	0 	9 	0 	0 	1 	3 	12 	0 	0 	0 	0 	0 	1 	0 	0 	0 	0 	1 	0 	0 	0 	2 	4 	8 	3 	0 	2 	0 	0 	0 	0 	0 	1 	0 	0 	0 	0 	4 	7 	3 	0 	4 	11 	
61658	['2021'] ['July'] ['14']	1	9 	13 	14 	3 	0 	0 	0 	0 	0 	0 	0 	3 	0 	0 	0 	0 	0 	0 	0 	0 	0 	0 	0 	4 	4 	6 	3 	0 	2 	0 	0 	0 	8 	9 	8 	5 	0 	0 	6 	8 	7 	0 	10 	16 	7 	2 	6 	0 	0 	0 	0 	0 	0 	0 	0 	4 	7 	2 	3 	14 	
61659	['2021'] ['July'] ['14']	1	8 	17 	9 	0 	5 	18 	23 	16 	10 	5 	2 	0 	0 	0 	0 	0 	0 	2 	0 	0 	0 	3 	9 	2 	8 	0 	18 	2 	8 	3 	2 	0 	0 	10 	0 	4 	0 	0 	12 	11 	0 	0 	6 	0 	0 	0 	0 	0 	0 	0 	4 	4 	0 	0 	2 	19 	4 	4 	0 	0 	
61660	['2021'] ['July'] ['14']	1	0 	0 	0 	0 	0 	0 	0 	0 	5 	23 	0 	8 	4 	3 	0 	0 	0 	0 	0 	0 	0 	2 	0 	0 	3 	2 	5 	6 	0 	0 	0 	10 	0 	0 	1 	0 	0 	0 	0 	0 	0 	0 	0 	0 	0 	0 	0 	9 	2 	10 	19 	0 	0 	0 	10 	0 	0 	0 	7 	4 	
61661	['2021'] ['July'] ['14']	1	7 	2 	0 	0 	0 	0 	0 	2 	0 	0 	0 	0 	11 	1 	0 	3 	11 	5 	0 	12 	11 	2 	0 	0 	0 	0 	0 	0 	0 	0 	0 	1 	6 	0 	0 	0 	0 	0 	0 	0 	0 	0 	0 	0 	0 	0 	0 	6 	4 	2 	13 	0 	0 	0 	9 	0 	0 	0 	0 	8 	
61662	['2021'] ['July'] ['14']	1	5 	3 	8 	0 	0 	11 	4 	7 	2 	0 	0 	0 	0 	0 	0 	0 	0 	0 	0 	0 	2 	4 	0 	0 	0 	3 	7 	11 	0 	0 	0 	0 	0 	0 	0 	0 	0 	0 	0 	0 	6 	0 	2 	3 	9 	0 	1 	0 	0 	0 	0 	0 	1 	10 	0 	0 	0 	0 	0 	0 	
61663	['2021'] ['July'] ['14']	1	0 	0 	0 	0 	0 	0 	0 	0 	4 	6 	0 	0 	0 	1 	0 	0 	0 	0 	0 	0 	0 	0 	1 	7 	0 	0 	0 	0 	1 	2 	7 	16 	8 	11 	5 	6 	7 	11 	13 	11 	1 	6 	10 	11 	4 	8 	7 	6 	11 	19 	6 	9 	11 	4 	13 	5 	1 	1 	0 	0 	
61664	['2021'] ['July'] ['14']	1	0 	0 	0 	0 	0 	0 	0 	0 	0 	6 	7 	7 	9 	8 	4 	0 	0 	0 	0 	0 	0 	0 	0 	0 	1 	0 	0 	0 	0 	0 	0 	0 	0 	0 	0 	0 	0 	0 	0 	0 	0 	0 	0 	0 	3 	0 	2 	0 	0 	0 	0 	0 	1 	0 	0 	0 	0 	0 	0 	0 	
61665	['2021'] ['July'] ['14']	1	0 	0 	0 	0 	0 	0 	0 	0 	0 	0 	0 	0 	0 	0 	0 	0 	0 	0 	0 	0 	0 	0 	0 	0 	0 	0 	0 	0 	0 	0 	0 	0 	0 	0 	0 	0 	0 	0 	0 	0 	0 	0 	0 	0 	0 	0 	0 	0 	0 	0 	0 	0 	0 	0 	0 	0 	0 	0 	0 	0 	
61666	['2021'] ['July'] ['14']	1	0 	0 	0 	0 	0 	0 	0 	0 	0 	0 	0 	0 	0 	0 	0 	0 	0 	0 	0 	0 	0 	0 	0 	0 	0 	0 	0 	0 	0 	0 	0 	0 	0 	0 	0 	0 	0 	0 	0 	0 	0 	0 	0 	0 	0 	0 	0 	0 	0 	0 	0 	0 	0 	0 	0 	0 	0 	0 	0 	0 	
61667	['2021'] ['July'] ['14']	1	0 	0 	0 	0 	0 	0 	0 	0 	0 	0 	0 	0 	0 	0 	0 	0 	0 	0 	0 	0 	0 	0 	0 	0 	0 	0 	0 	0 	0 	0 	0 	0 	0 	0 	0 	0 	0 	0 	0 	0 	0 	0 	0 	0 	0 	0 	0 	0 	0 	0 	0 	0 	0 	0 	0 	0 	0 	0 	0 	0 	
61668	['2021'] ['July'] ['14']	1	0 	0 	0 	0 	0 	0 	0 	0 	0 	0 	0 	0 	0 	0 	0 	0 	0 	0 	0 	0 	0 	0 	0 	0 	0 	0 	0 	0 	0 	0 	0 	0 	0 	0 	0 	0 	0 	0 	0 	0 	0 	0 	0 	0 	0 	0 	0 	0 	0 	0 	0 	0 	0 	0 	0 	0 	0 	0 	0 	0 	
61669	['2021'] ['July'] ['14']	1	0 	0 	0 	0 	0 	0 	0 	0 	0 	0 	0 	0 	0 	0 	0 	0 	0 	0 	0 	0 	0 	0 	0 	0 	0 	0 	0 	0 	0 	0 	0 	0 	0 	0 	0 	0 	0 	0 	0 	0 	0 	0 	0 	0 	0 	0 	0 	0 	0 	0 	0 	0 	0 	0 	0 	0 	0 	0 	0 	0 	
61670	['2021'] ['July'] ['14']	1	0 	0 	0 	0 	0 	0 	0 	0 	0 	0 	0 	0 	0 	0 	0 	0 	0 	0 	0 	0 	0 	0 	0 	0 	0 	0 	0 	0 	0 	0 	0 	0 	0 	0 	0 	0 	0 	0 	0 	0 	0 	0 	0 	0 	0 	0 	0 	0 	0 	0 	0 	0 	0 	0 	0 	0 	0 	0 	0 	0 	
61671	['2021'] ['July'] ['14']	1	0 	0 	0 	0 	0 	0 	0 	0 	0 	0 	0 	0 	0 	0 	0 	0 	0 	0 	0 	0 	0 	0 	0 	0 	0 	0 	0 	0 	0 	0 	0 	0 	0 	0 	0 	0 	0 	0 	0 	0 	0 	0 	0 	0 	0 	0 	0 	0 	0 	0 	0 	0 	0 	0 	0 	0 	0 	0 	0 	0 	
61672	['2021'] ['July'] ['14']	1	0 	0 	0 	0 	0 	0 	0 	0 	0 	0 	0 	0 	0 	0 	0 	0 	0 	0 	0 	0 	0 	0 	0 	0 	0 	0 	0 	0 	0 	0 	0 	0 	0 	0 	0 	0 	0 	0 	0 	0 	0 	0 	0 	0 	0 	0 	0 	0 	0 	0 	0 	0 	0 	0 	0 	0 	0 	0 	0 	0 	
61673	['2021'] ['July'] ['14']	1	0 	0 	0 	0 	0 	0 	0 	0 	0 	0 	0 	0 	0 	0 	0 	0 	0 	0 	0 	0 	0 	0 	0 	0 	0 	0 	0 	0 	0 	0 	0 	0 	0 	0 	0 	0 	0 	0 	0 	0 	0 	0 	0 	0 	0 	0 	0 	0 	0 	0 	0 	0 	0 	0 	0 	0 	0 	0 	0 	0 	
61674	['2021'] ['July'] ['14']	1	0 	0 	0 	0 	0 	0 	0 	0 	0 	0 	0 	0 	0 	0 	0 	0 	0 	0 	0 	0 	0 	0 	0 	0 	0 	0 	0 	0 	0 	0 	0 	0 	0 	0 	0 	0 	0 	0 	0 	0 	0 	0 	0 	0 	0 	0 	0 	0 	0 	0 	0 	0 	0 	0 	0 	0 	0 	0 	0 	0 	
61675	['2021'] ['July'] ['14']	1	0 	0 	0 	0 	0 	0 	0 	0 	0 	0 	0 	0 	0 	0 	0 	0 	0 	0 	0 	0 	0 	0 	0 	0 	0 	0 	0 	0 	0 	0 	0 	0 	0 	0 	0 	0 	0 	0 	0 	0 	0 	0 	0 	0 	0 	0 	0 	0 	0 	0 	0 	0 	0 	0 	0 	0 	0 	0 	0 	0 	
61676	['2021'] ['July'] ['14']	1	0 	0 	0 	0 	0 	0 	0 	0 	0 	0 	0 	0 	0 	0 	0 	0 	0 	0 	0 	0 	0 	0 	0 	0 	0 	0 	0 	0 	0 	0 	0 	0 	0 	0 	0 	0 	0 	0 	0 	0 	0 	0 	0 	0 	0 	0 	0 	0 	0 	0 	0 	0 	0 	0 	0 	0 	0 	0 	0 	0 	
61677	['2021'] ['July'] ['15']	1	1 	3 	0 	5 	6 	0 	1 	11 	12 	4 	0 	0 	0 	3 	0 	2 	1 	1 	7 	3 	0 	0 	2 	0 	0 	0 	0 	0 	0 	0 	0 	0 	0 	0 	0 	1 	0 	0 	0 	0 	0 	0 	0 	1 	0 	0 	0 	2 	4 	5 	1 	2 	3 	0 	0 	0 	2 	2 	3 	0 	
61678	['2021'] ['July'] ['15']	1	0 	0 	0 	0 	0 	3 	0 	1 	0 	0 	3 	8 	2 	4 	2 	2 	4 	4 	9 	13 	2 	2 	4 	0 	0 	3 	1 	5 	8 	2 	4 	1 	2 	2 	0 	0 	0 	1 	6 	3 	0 	0 	0 	0 	4 	4 	0 	8 	0 	10 	7 	2 	0 	0 	0 	5 	4 	3 	4 	5 	
61679	['2021'] ['July'] ['15']	1	6 	6 	0 	6 	11 	15 	10 	6 	1 	10 	0 	0 	0 	2 	6 	4 	2 	8 	2 	0 	0 	0 	3 	0 	0 	4 	0 	0 	7 	14 	20 	8 	23 	11 	1 	20 	12 	10 	0 	0 	14 	4 	0 	6 	0 	1 	0 	1 	0 	3 	7 	0 	0 	2 	15 	9 	8 	2 	0 	0 	
61680	['2021'] ['July'] ['15']	1	2 	9 	8 	5 	7 	5 	0 	0 	0 	0 	6 	0 	2 	8 	3 	19 	1 	0 	11 	13 	0 	15 	0 	5 	0 	11 	9 	10 	3 	12 	0 	9 	2 	0 	0 	5 	2 	2 	0 	0 	0 	4 	0 	0 	5 	2 	17 	13 	7 	17 	22 	12 	9 	7 	0 	8 	22 	2 	17 	7 	
61681	['2021'] ['July'] ['15']	1	12 	2 	0 	3 	0 	4 	0 	10 	0 	16 	10 	0 	0 	4 	0 	0 	0 	3 	7 	8 	0 	2 	17 	21 	3 	8 	4 	0 	0 	0 	4 	4 	0 	10 	0 	2 	0 	9 	0 	5 	3 	0 	5 	5 	0 	0 	4 	0 	0 	11 	5 	2 	1 	12 	0 	0 	9 	8 	13 	2 	
61682	['2021'] ['July'] ['15']	1	0 	0 	13 	8 	0 	0 	0 	0 	4 	0 	0 	0 	14 	4 	16 	4 	0 	0 	3 	6 	0 	7 	3 	13 	9 	0 	0 	0 	0 	11 	13 	0 	0 	0 	9 	16 	4 	9 	0 	0 	7 	6 	0 	0 	0 	2 	0 	6 	1 	10 	9 	0 	0 	7 	7 	14 	0 	2 	10 	0 	
61683	['2021'] ['July'] ['15']	1	0 	5 	20 	10 	13 	17 	5 	14 	0 	6 	0 	0 	2 	0 	6 	0 	8 	2 	0 	0 	6 	9 	0 	0 	0 	9 	0 	0 	0 	0 	0 	3 	8 	0 	0 	0 	0 	0 	0 	0 	1 	0 	5 	14 	0 	0 	3 	10 	20 	0 	0 	0 	0 	0 	0 	0 	0 	0 	14 	3 	
61684	['2021'] ['July'] ['15']	1	0 	2 	4 	2 	16 	0 	5 	0 	0 	0 	0 	0 	0 	0 	0 	0 	0 	0 	0 	2 	13 	2 	3 	5 	0 	0 	0 	0 	7 	0 	0 	0 	0 	0 	0 	0 	0 	0 	0 	2 	0 	0 	0 	0 	5 	10 	0 	0 	0 	0 	0 	0 	0 	0 	0 	0 	8 	2 	2 	0 	
61685	['2021'] ['July'] ['15']	1	0 	0 	0 	3 	2 	0 	0 	0 	0 	0 	0 	0 	0 	0 	0 	0 	0 	2 	0 	0 	0 	2 	5 	6 	0 	0 	0 	0 	0 	0 	0 	0 	0 	2 	15 	0 	9 	8 	0 	0 	0 	0 	1 	3 	0 	0 	0 	0 	0 	0 	0 	0 	0 	0 	0 	0 	0 	0 	0 	0 	
61686	['2021'] ['July'] ['15']	1	0 	0 	0 	0 	0 	0 	0 	0 	5 	0 	0 	0 	0 	0 	0 	0 	0 	0 	0 	0 	0 	0 	0 	0 	0 	0 	0 	0 	0 	0 	0 	0 	0 	0 	0 	0 	0 	0 	0 	0 	4 	6 	2 	7 	6 	2 	0 	0 	0 	0 	1 	0 	0 	0 	0 	0 	0 	0 	0 	0 	
61687	['2021'] ['July'] ['15']	1	0 	0 	0 	0 	1 	0 	0 	1 	0 	0 	0 	0 	0 	1 	0 	0 	0 	0 	0 	0 	1 	0 	0 	0 	0 	2 	0 	0 	3 	0 	0 	0 	0 	3 	0 	0 	1 	0 	0 	0 	0 	0 	0 	0 	0 	0 	0 	0 	1 	1 	0 	0 	0 	0 	0 	0 	0 	0 	0 	0 	
61688	['2021'] ['July'] ['15']	1	1 	0 	0 	0 	0 	0 	0 	0 	0 	0 	0 	0 	0 	0 	0 	0 	0 	0 	0 	0 	0 	0 	0 	0 	0 	0 	0 	0 	0 	0 	0 	0 	0 	0 	0 	0 	0 	0 	0 	0 	0 	0 	0 	0 	0 	0 	0 	0 	0 	0 	0 	0 	0 	0 	0 	0 	0 	0 	0 	0 	
61689	['2021'] ['July'] ['15']	1	0 	0 	0 	0 	0 	0 	0 	0 	0 	0 	0 	0 	0 	0 	0 	0 	0 	0 	0 	0 	0 	0 	0 	0 	0 	0 	0 	0 	0 	0 	0 	0 	0 	0 	0 	0 	0 	0 	0 	0 	0 	0 	0 	0 	0 	0 	0 	0 	0 	0 	0 	0 	0 	0 	0 	0 	0 	0 	0 	0 	
61690	['2021'] ['July'] ['15']	1	0 	0 	0 	0 	0 	0 	0 	0 	0 	0 	0 	0 	0 	0 	0 	0 	0 	0 	0 	0 	0 	0 	0 	0 	0 	0 	0 	0 	0 	0 	0 	0 	0 	0 	0 	0 	0 	0 	0 	0 	0 	0 	0 	0 	0 	0 	0 	0 	0 	0 	0 	0 	0 	0 	0 	0 	0 	0 	0 	0 	
61691	['2021'] ['July'] ['15']	1	0 	0 	0 	0 	0 	0 	0 	0 	0 	0 	0 	0 	0 	0 	0 	0 	0 	0 	0 	0 	0 	0 	0 	0 	0 	0 	0 	0 	0 	0 	0 	0 	0 	0 	0 	0 	0 	0 	0 	0 	0 	0 	0 	0 	0 	0 	0 	0 	0 	0 	0 	0 	0 	0 	0 	0 	0 	0 	0 	0 	
61692	['2021'] ['July'] ['15']	1	0 	0 	0 	0 	0 	0 	0 	0 	0 	0 	0 	0 	0 	0 	0 	0 	0 	0 	0 	0 	0 	0 	0 	0 	0 	0 	0 	0 	0 	0 	0 	0 	0 	0 	0 	0 	0 	0 	0 	0 	0 	0 	0 	0 	0 	0 	0 	0 	0 	0 	0 	0 	0 	0 	0 	0 	0 	0 	0 	0 	
61693	['2021'] ['July'] ['15']	1	0 	0 	0 	0 	0 	0 	0 	0 	0 	0 	0 	0 	0 	0 	0 	0 	0 	0 	0 	0 	0 	0 	0 	0 	0 	0 	0 	0 	0 	0 	0 	0 	0 	0 	0 	0 	0 	0 	0 	0 	0 	0 	0 	0 	0 	0 	0 	0 	0 	0 	0 	0 	0 	0 	0 	0 	0 	0 	0 	0 	
61694	['2021'] ['July'] ['15']	1	0 	0 	0 	0 	0 	0 	0 	0 	0 	0 	0 	0 	0 	0 	0 	0 	0 	0 	0 	0 	0 	0 	0 	0 	0 	0 	0 	0 	0 	0 	0 	0 	0 	0 	0 	0 	0 	0 	0 	0 	0 	0 	0 	0 	0 	0 	0 	0 	0 	0 	0 	0 	0 	0 	0 	0 	0 	0 	0 	0 	
61695	['2021'] ['July'] ['15']	1	0 	0 	0 	0 	0 	0 	0 	0 	0 	0 	0 	0 	0 	0 	0 	0 	0 	0 	0 	0 	0 	0 	0 	0 	0 	0 	0 	0 	0 	0 	0 	0 	0 	0 	0 	0 	0 	0 	0 	0 	0 	0 	0 	0 	0 	0 	0 	0 	0 	0 	0 	0 	0 	0 	0 	0 	0 	0 	0 	0 	
61696	['2021'] ['July'] ['15']	1	0 	0 	0 	0 	0 	0 	0 	0 	0 	0 	0 	0 	0 	0 	0 	0 	0 	0 	0 	0 	0 	0 	0 	0 	0 	0 	0 	0 	0 	0 	0 	0 	0 	0 	0 	0 	0 	0 	0 	0 	0 	0 	0 	0 	0 	0 	0 	0 	0 	0 	0 	0 	0 	0 	0 	0 	0 	0 	0 	0 	
61697	['2021'] ['July'] ['15']	1	0 	0 	0 	0 	0 	0 	0 	0 	0 	0 	0 	0 	0 	0 	0 	0 	0 	0 	0 	0 	0 	0 	0 	0 	0 	0 	0 	0 	0 	0 	0 	0 	0 	0 	0 	0 	0 	0 	0 	0 	0 	0 	0 	0 	0 	0 	0 	0 	0 	0 	0 	0 	0 	0 	0 	0 	0 	0 	0 	0 	
61698	['2021'] ['July'] ['15']	1	0 	0 	0 	0 	0 	0 	0 	0 	0 	0 	0 	0 	0 	0 	0 	0 	0 	0 	0 	0 	0 	0 	0 	0 	0 	0 	0 	0 	0 	0 	0 	0 	0 	0 	0 	0 	0 	0 	0 	0 	0 	0 	0 	0 	0 	0 	0 	0 	0 	0 	0 	0 	0 	0 	0 	0 	0 	0 	0 	0 	
61699	['2021'] ['July'] ['15']	1	0 	0 	0 	0 	0 	0 	0 	0 	0 	0 	0 	0 	0 	0 	0 	0 	0 	0 	0 	0 	0 	0 	0 	0 	0 	0 	0 	0 	0 	0 	0 	0 	0 	0 	0 	0 	0 	0 	0 	0 	0 	0 	0 	0 	0 	0 	0 	0 	0 	0 	0 	0 	0 	0 	0 	0 	0 	0 	0 	0 	
