42622M003C09   01 Jul 2021
721
30
0000
0
0
1
0
0
0
0
0
0
0
0
0
0
0
0
0
0
0
0
1
0
1
19
0
0
0
0
0
0
0
0
0
0
0
0
0
0
0
0
0
0
0
0
0
0
0
0
0
0
4
17
1
4
0
2
3
1
0
1
0
0
0
0
0
0
0
0
0
0
2
48
0
0
0
0
0
0
0
0
0
0
0
0
0
0
0
0
0
0
0
0
0
0
0
0
0
0
0
1
0
0
0
0
0
1
0
0
0
0
0
0
0
0
0
0
0
0
0
0
0
0
0
0
0
0
0
0
0
0
0
0
0
0
0
0
0
0
0
0
0
0
0
0
0
0
41
58
38
21
6
2
1
0
0
0
0
0
0
0
0
0
0
0
0
0
14
1
0
0
0
0
0
0
1
0
0
0
0
0
0
0
0
0
0
0
0
0
0
0
0
0
0
0
34
57
120
134
25
13
15
6
32
7
3
0
1
13
0
0
0
3
10
1
0
169
1
12
0
0
0
0
0
0
0
0
0
0
0
0
0
0
0
0
0
0
0
0
0
0
0
0
66
146
248
221
290
240
18
1
1
0
0
0
0
0
0
0
0
0
0
0
7
108
0
0
0
0
0
0
0
0
0
0
0
0
0
0
0
0
0
0
0
0
0
0
0
0
0
0
22
107
239
268
97
31
1
0
1
10
1
12
9
16
0
26
7
19
2
29
0
456
66
2
0
0
0
0
0
0
0
0
0
0
0
0
0
0
0
0
0
0
0
0
0
0
0
0
23
108
232
139
247
136
264
292
208
222
241
211
274
131
95
172
61
173
165
70
11
121
2
52
3
0
0
0
0
0
0
0
0
0
0
0
0
0
0
0
0
0
0
0
0
0
0
0
17
107
284
293
299
238
340
200
127
134
82
43
59
30
27
29
41
63
69
80
6
148
0
1
1
0
0
0
0
0
0
0
0
0
0
0
0
0
0
0
0
0
0
0
0
0
0
0
93
297
401
363
400
347
321
380
337
150
275
301
382
320
408
324
318
250
191
22
0
145
0
122
8
0
0
0
0
0
0
0
0
0
0
0
0
0
0
0
0
0
0
0
0
0
0
0
128
450
406
419
353
390
318
427
369
361
233
389
382
312
436
334
212
421
286
75
128
103
0
0
1
0
0
0
0
0
0
0
0
0
0
0
0
0
0
0
0
0
0
0
0
0
0
0
87
110
393
371
325
413
331
318
298
194
221
315
301
300
228
290
247
238
66
0
8
222
0
3
0
0
0
0
0
0
0
0
0
0
0
0
0
0
0
0
0
0
0
0
0
0
0
0
62
337
399
367
321
315
272
278
168
150
168
92
45
20
34
16
35
50
26
40
0
147
0
0
1
0
0
0
0
0
0
0
0
0
0
0
0
0
0
0
0
0
0
0
0
0
0
0
103
386
331
421
452
355
377
296
168
273
308
340
203
385
276
230
300
280
304
114
18
238
159
64
8
0
0
0
0
0
0
0
0
0
0
0
0
0
0
0
0
0
0
0
0
0
0
0
93
282
172
349
280
351
318
294
219
249
128
215
153
138
259
154
128
61
33
5
0
84
0
64
0
0
0
0
0
0
0
0
0
0
0
0
0
0
0
0
0
0
0
0
0
0
0
0
