42622M003C08   01 Jul 2021
721
30
0000
0
13
147
219
225
190
190
233
218
199
170
159
198
218
153
178
136
78
184
264
239
139
329
278
409
8
0
0
0
0
0
0
0
0
0
0
0
0
0
0
0
0
0
0
0
0
0
0
0
46
225
129
158
170
190
248
397
506
461
357
90
46
55
82
97
141
233
407
162
192
435
374
291
8
0
0
0
0
0
0
0
0
0
0
0
0
0
0
0
0
0
0
0
0
0
0
0
149
201
353
333
334
257
223
19
111
129
90
351
462
291
362
313
290
244
307
250
224
154
227
227
6
0
0
0
0
0
0
0
0
0
0
0
0
0
0
0
0
0
0
0
0
0
0
0
35
194
56
145
335
365
283
304
328
290
390
319
327
337
341
313
302
322
335
126
204
308
388
614
10
0
1
0
0
0
0
0
0
0
0
0
0
0
0
0
0
0
0
0
0
0
0
0
4
115
181
316
176
436
430
278
252
419
386
379
386
308
474
417
393
465
343
475
375
321
52
490
6
0
0
0
0
0
0
0
0
0
0
0
0
0
0
0
0
0
0
0
0
0
0
0
7
129
67
246
126
157
157
196
236
256
239
239
185
323
308
390
356
214
194
311
336
419
106
229
19
0
0
0
0
0
0
0
0
0
0
0
0
0
0
0
0
0
0
0
0
0
0
0
5
68
122
172
267
450
400
394
394
520
437
465
371
321
347
336
373
279
151
289
256
252
212
51
8
0
0
0
0
0
0
0
0
0
0
0
0
0
0
0
0
0
0
0
0
0
0
0
57
29
33
25
186
245
341
231
324
307
310
292
362
341
400
464
482
357
422
362
369
418
310
220
17
0
0
0
0
0
0
0
0
0
0
0
0
0
0
0
0
0
0
0
0
0
0
0
126
97
148
121
178
373
424
430
342
370
446
398
432
378
405
387
474
502
441
471
495
295
56
10
2
0
0
0
0
0
0
0
0
0
0
0
0
0
0
0
0
0
0
0
0
0
0
0
72
90
111
345
353
493
469
581
570
569
566
592
587
633
517
472
534
490
410
384
222
342
11
233
1
1
0
0
0
0
0
0
0
0
0
0
0
0
0
0
0
0
0
0
0
0
0
0
85
55
156
167
193
292
515
540
550
508
458
429
402
445
330
280
273
344
352
180
299
357
63
49
1
0
0
0
0
0
0
0
0
0
0
0
0
0
0
0
0
0
0
0
0
0
0
0
54
3
0
0
0
0
0
0
0
0
0
0
0
0
0
0
0
0
0
0
0
13
16
90
6
0
0
0
0
0
0
0
0
0
0
0
0
0
0
0
0
0
0
0
0
0
0
0
46
59
18
0
0
0
0
0
7
132
225
254
254
277
318
370
345
356
403
351
349
610
67
20
23
1
1
0
0
0
0
0
0
0
0
0
0
0
0
0
0
0
0
0
0
0
0
0
57
13
0
0
0
0
0
0
0
0
0
0
0
0
0
0
0
2
40
46
25
246
61
9
3
0
0
0
0
0
0
0
0
0
0
0
0
0
0
0
0
0
0
0
0
0
0
0
39
44
14
0
167
494
478
67
38
6
0
0
0
0
0
0
0
0
0
0
0
0
0
0
0
0
0
0
0
0
0
0
0
0
0
0
0
0
0
0
0
0
0
0
0
0
0
0
